MADNESS MRA-PNO INFORMATION
pairinfo=2,4,5,6,6.6,2.2,4.4,5.5
nuclear_repulsion=28.2228
occinfo=-1.04242,-0.908774,-0.908774,-1.04242,0.0137449,0.0137449,0.00325133,0.00325133
