{
  "schema": "schema-madresults",
  "kwargs": {},
  "geometry": "../mol.json",
  "n_pno": 4,
  "mol": "{\n  \"one_body_integrals\": {\n    \"shape\": [\n      5,\n      5\n    ],\n    \"data\": [\n      -1.2811316468974479,\n      -4.798407764877721e-16,\n      -0.1849442589261583,\n      -2.3800270565130233e-16,\n      -2.3982399589448852e-15,\n      -4.798407764877721e-16,\n      -0.4269744932855799,\n      2.5045070184415152e-17,\n      5.05024760075537e-16,\n      -3.1401544233790324e-16,\n      -0.1849442589261583,\n      2.5045070184415152e-17,\n      -0.05025451646224299,\n      -2.3129513644529025e-15,\n      2.088991618034129e-15,\n      -2.3800270565130233e-16,\n      5.05024760075537e-16,\n      -2.3129513644529025e-15,\n      -0.04666766434209357,\n      -2.6082600841506945e-16,\n      -2.3982399589448852e-15,\n      -3.1401544233790324e-16,\n      2.088991618034129e-15,\n      -2.6082600841506945e-16,\n      -0.04666766434209313\n    ]\n  },\n  \"two_body_integrals\": {\n    \"shape\": [\n      5,\n      5,\n      5,\n      5\n    ],\n    \"data\": [\n      0.6735466609957609,\n      -1.43982048506075e-16,\n      0.18495077916863767,\n      -1.2238474123016374e-15,\n      1.6046192152785466e-15,\n      -1.43982048506075e-16,\n      0.6853786507141635,\n      2.949029909160572e-17,\n      1.8735013540549517e-16,\n      -2.6020852139652106e-17,\n      0.18495077916863767,\n      2.949029909160572e-17,\n      0.6254354367721469,\n      1.4137996329210978e-16,\n      -2.1337098754514727e-16,\n      -1.2238474123016374e-15,\n      1.8735013540549517e-16,\n      1.4137996329210978e-16,\n      0.6452303860125104,\n      6.591949208711867e-17,\n      1.6046192152785466e-15,\n      -2.6020852139652106e-17,\n      -2.1337098754514727e-16,\n      6.591949208711867e-17,\n      0.6452303860125101,\n      -1.43982048506075e-16,\n      0.17525619090696468,\n      -4.683753385137379e-17,\n      5.963111948670274e-17,\n      -2.6454533008646308e-17,\n      0.17525619090696468,\n      2.6107588313450947e-16,\n      0.04351546941181801,\n      -7.788908407135864e-16,\n      8.233431297854921e-16,\n      -4.683753385137379e-17,\n      0.04351546941181801,\n      -1.6219664500383146e-16,\n      -6.852157730108388e-17,\n      5.4643789493269423e-17,\n      5.963111948670274e-17,\n      -7.788908407135864e-16,\n      -6.852157730108388e-17,\n      -1.986258379993444e-16,\n      1.196959198423997e-16,\n      -2.6454533008646308e-17,\n      8.233431297854921e-16,\n      5.4643789493269423e-17,\n      1.196959198423997e-16,\n      -2.3288662664988635e-16,\n      0.18495077916863767,\n      -4.683753385137379e-17,\n      0.14295738127276364,\n      0.0,\n      2.3418766925686896e-17,\n      -4.683753385137379e-17,\n      0.17582506316334318,\n      -7.155734338404329e-17,\n      2.6020852139652106e-18,\n      3.642919299551295e-17,\n      0.14295738127276364,\n      -7.155734338404329e-17,\n      0.19277546784540522,\n      -1.1449174941446927e-16,\n      3.0270924655795284e-16,\n      0.0,\n      2.6020852139652106e-18,\n      -1.1449174941446927e-16,\n      0.15114797099966937,\n      -1.214306433183765e-17,\n      2.3418766925686896e-17,\n      3.642919299551295e-17,\n      3.0270924655795284e-16,\n      -1.214306433183765e-17,\n      0.15114797099966942,\n      -1.2238474123016374e-15,\n      5.963111948670274e-17,\n      0.0,\n      0.12365056848923503,\n      1.5970517464915235e-10,\n      5.963111948670274e-17,\n      -1.222980050563649e-15,\n      -3.7730235602495554e-17,\n      -1.1031757105040008e-16,\n      7.28583859910259e-17,\n      0.0,\n      -3.7730235602495554e-17,\n      -1.182214048878194e-15,\n      0.013963484783195949,\n      -8.413015145647407e-10,\n      0.12365056848923503,\n      -1.1031757105040008e-16,\n      0.013963484783195949,\n      -6.739400704169896e-16,\n      -2.566306542273189e-16,\n      1.5970517464915235e-10,\n      7.28583859910259e-17,\n      -8.413015145647407e-10,\n      -2.566306542273189e-16,\n      -6.377277178559737e-16,\n      1.6046192152785466e-15,\n      -2.6454533008646308e-17,\n      2.3418766925686896e-17,\n      1.5970517464915235e-10,\n      0.12365056848923481,\n      -2.6454533008646308e-17,\n      1.7182436029550274e-15,\n      4.9873299934333204e-17,\n      7.762887554996212e-17,\n      -1.1817803680091998e-16,\n      2.3418766925686896e-17,\n      4.9873299934333204e-17,\n      1.6792123247455493e-15,\n      1.4769702613715019e-09,\n      0.013963484783195968,\n      1.5970517464915235e-10,\n      7.762887554996212e-17,\n      1.4769702613715019e-09,\n      1.1015494072452725e-15,\n      3.1138286393783687e-16,\n      0.12365056848923481,\n      -1.1817803680091998e-16,\n      0.013963484783195968,\n      3.1138286393783687e-16,\n      1.4576014006895122e-15,\n      -1.43982048506075e-16,\n      0.17525619090696468,\n      -4.683753385137379e-17,\n      5.963111948670274e-17,\n      -2.6454533008646308e-17,\n      0.17525619090696468,\n      2.6107588313450947e-16,\n      0.04351546941181801,\n      -7.788908407135864e-16,\n      8.233431297854921e-16,\n      -4.683753385137379e-17,\n      0.04351546941181801,\n      -1.6219664500383146e-16,\n      -6.852157730108388e-17,\n      5.4643789493269423e-17,\n      5.963111948670274e-17,\n      -7.788908407135864e-16,\n      -6.852157730108388e-17,\n      -1.986258379993444e-16,\n      1.196959198423997e-16,\n      -2.6454533008646308e-17,\n      8.233431297854921e-16,\n      5.4643789493269423e-17,\n      1.196959198423997e-16,\n      -2.3288662664988635e-16,\n      0.6853786507141635,\n      2.6107588313450947e-16,\n      0.17582506316334318,\n      -1.222980050563649e-15,\n      1.7182436029550274e-15,\n      2.6107588313450947e-16,\n      0.7562891274823684,\n      1.0408340855860843e-16,\n      1.93421667571414e-16,\n      2.42861286636753e-17,\n      0.17582506316334318,\n      1.0408340855860843e-16,\n      0.61944562942321,\n      -1.214306433183765e-17,\n      1.0061396160665481e-16,\n      -1.222980050563649e-15,\n      1.93421667571414e-16,\n      -1.214306433183765e-17,\n      0.6317505758250491,\n      -1.734723475976807e-17,\n      1.7182436029550274e-15,\n      2.42861286636753e-17,\n      1.0061396160665481e-16,\n      -1.734723475976807e-17,\n      0.6317505758250488,\n      2.949029909160572e-17,\n      0.04351546941181801,\n      -7.155734338404329e-17,\n      -3.7730235602495554e-17,\n      4.9873299934333204e-17,\n      0.04351546941181801,\n      1.0408340855860843e-16,\n      0.050383009635727456,\n      -1.97758476261356e-16,\n      2.647621705209602e-16,\n      -7.155734338404329e-17,\n      0.050383009635727456,\n      3.686287386450715e-17,\n      -1.734723475976807e-18,\n      1.3444106938820255e-17,\n      -3.7730235602495554e-17,\n      -1.97758476261356e-16,\n      -1.734723475976807e-18,\n      1.0364972768961422e-16,\n      6.5052130349130266e-18,\n      4.9873299934333204e-17,\n      2.647621705209602e-16,\n      1.3444106938820255e-17,\n      6.5052130349130266e-18,\n      1.1449174941446927e-16,\n      1.8735013540549517e-16,\n      -7.788908407135864e-16,\n      2.6020852139652106e-18,\n      -1.1031757105040008e-16,\n      7.762887554996212e-17,\n      -7.788908407135864e-16,\n      1.93421667571414e-16,\n      -1.97758476261356e-16,\n      0.04088693112654733,\n      9.687681043653307e-10,\n      2.6020852139652106e-18,\n      -1.97758476261356e-16,\n      1.717376241217039e-16,\n      -1.734723475976807e-18,\n      -2.3852447794681098e-18,\n      -1.1031757105040008e-16,\n      0.04088693112654733,\n      -1.734723475976807e-18,\n      2.5457067009959644e-16,\n      -5.854691731421724e-18,\n      7.762887554996212e-17,\n      9.687681043653307e-10,\n      -2.3852447794681098e-18,\n      -5.854691731421724e-18,\n      2.19225679276569e-16,\n      -2.6020852139652106e-17,\n      8.233431297854921e-16,\n      3.642919299551295e-17,\n      7.28583859910259e-17,\n      -1.1817803680091998e-16,\n      8.233431297854921e-16,\n      2.42861286636753e-17,\n      2.647621705209602e-16,\n      9.687681043653307e-10,\n      0.04088693112654728,\n      3.642919299551295e-17,\n      2.647621705209602e-16,\n      -2.992397996059992e-17,\n      -4.119968255444917e-18,\n      1.3660947373317356e-17,\n      7.28583859910259e-17,\n      9.687681043653307e-10,\n      -4.119968255444917e-18,\n      -5.724587470723463e-17,\n      3.3610267347050637e-18,\n      -1.1817803680091998e-16,\n      0.04088693112654728,\n      1.3660947373317356e-17,\n      3.3610267347050637e-18,\n      -4.618701254788249e-17,\n      0.18495077916863767,\n      -4.683753385137379e-17,\n      0.14295738127276364,\n      0.0,\n      2.3418766925686896e-17,\n      -4.683753385137379e-17,\n      0.17582506316334318,\n      -7.155734338404329e-17,\n      2.6020852139652106e-18,\n      3.642919299551295e-17,\n      0.14295738127276364,\n      -7.155734338404329e-17,\n      0.19277546784540522,\n      -1.1449174941446927e-16,\n      3.0270924655795284e-16,\n      0.0,\n      2.6020852139652106e-18,\n      -1.1449174941446927e-16,\n      0.15114797099966937,\n      -1.214306433183765e-17,\n      2.3418766925686896e-17,\n      3.642919299551295e-17,\n      3.0270924655795284e-16,\n      -1.214306433183765e-17,\n      0.15114797099966942,\n      2.949029909160572e-17,\n      0.04351546941181801,\n      -7.155734338404329e-17,\n      -3.7730235602495554e-17,\n      4.9873299934333204e-17,\n      0.04351546941181801,\n      1.0408340855860843e-16,\n      0.050383009635727456,\n      -1.97758476261356e-16,\n      2.647621705209602e-16,\n      -7.155734338404329e-17,\n      0.050383009635727456,\n      3.686287386450715e-17,\n      -1.734723475976807e-18,\n      1.3444106938820255e-17,\n      -3.7730235602495554e-17,\n      -1.97758476261356e-16,\n      -1.734723475976807e-18,\n      1.0364972768961422e-16,\n      6.5052130349130266e-18,\n      4.9873299934333204e-17,\n      2.647621705209602e-16,\n      1.3444106938820255e-17,\n      6.5052130349130266e-18,\n      1.1449174941446927e-16,\n      0.6254354367721469,\n      -1.6219664500383146e-16,\n      0.19277546784540522,\n      -1.182214048878194e-15,\n      1.6792123247455493e-15,\n      -1.6219664500383146e-16,\n      0.61944562942321,\n      3.686287386450715e-17,\n      1.717376241217039e-16,\n      -2.992397996059992e-17,\n      0.19277546784540522,\n      3.686287386450715e-17,\n      0.6178742267484347,\n      3.434752482434078e-16,\n      -3.165870343657673e-16,\n      -1.182214048878194e-15,\n      1.717376241217039e-16,\n      3.434752482434078e-16,\n      0.5847297092519238,\n      -5.2909066017292616e-17,\n      1.6792123247455493e-15,\n      -2.992397996059992e-17,\n      -3.165870343657673e-16,\n      -5.2909066017292616e-17,\n      0.5847297092519232,\n      1.4137996329210978e-16,\n      -6.852157730108388e-17,\n      -1.1449174941446927e-16,\n      0.013963484783195949,\n      1.4769702613715019e-09,\n      -6.852157730108388e-17,\n      -1.214306433183765e-17,\n      -1.734723475976807e-18,\n      -1.734723475976807e-18,\n      -4.119968255444917e-18,\n      -1.1449174941446927e-16,\n      -1.734723475976807e-18,\n      3.434752482434078e-16,\n      0.030448557911672114,\n      4.8557788866199214e-11,\n      0.013963484783195949,\n      -1.734723475976807e-18,\n      0.030448557911672114,\n      4.917941054394248e-16,\n      -6.591949208711867e-17,\n      1.4769702613715019e-09,\n      -4.119968255444917e-18,\n      4.8557788866199214e-11,\n      -6.591949208711867e-17,\n      1.444157293750692e-16,\n      -2.1337098754514727e-16,\n      5.4643789493269423e-17,\n      3.0270924655795284e-16,\n      -8.413015145647407e-10,\n      0.013963484783195968,\n      5.4643789493269423e-17,\n      1.0061396160665481e-16,\n      1.3444106938820255e-17,\n      -2.3852447794681098e-18,\n      1.3660947373317356e-17,\n      3.0270924655795284e-16,\n      1.3444106938820255e-17,\n      -3.165870343657673e-16,\n      4.8557788866199214e-11,\n      0.03044855791167208,\n      -8.413015145647407e-10,\n      -2.3852447794681098e-18,\n      4.8557788866199214e-11,\n      -1.9168694409543718e-16,\n      -3.0357660829594124e-18,\n      0.013963484783195968,\n      1.3660947373317356e-17,\n      0.03044855791167208,\n      -3.0357660829594124e-18,\n      -5.93275428784068e-16,\n      -1.2238474123016374e-15,\n      5.963111948670274e-17,\n      0.0,\n      0.12365056848923503,\n      1.5970517464915235e-10,\n      5.963111948670274e-17,\n      -1.222980050563649e-15,\n      -3.7730235602495554e-17,\n      -1.1031757105040008e-16,\n      7.28583859910259e-17,\n      0.0,\n      -3.7730235602495554e-17,\n      -1.182214048878194e-15,\n      0.013963484783195949,\n      -8.413015145647407e-10,\n      0.12365056848923503,\n      -1.1031757105040008e-16,\n      0.013963484783195949,\n      -6.739400704169896e-16,\n      -2.566306542273189e-16,\n      1.5970517464915235e-10,\n      7.28583859910259e-17,\n      -8.413015145647407e-10,\n      -2.566306542273189e-16,\n      -6.377277178559737e-16,\n      1.8735013540549517e-16,\n      -7.788908407135864e-16,\n      2.6020852139652106e-18,\n      -1.1031757105040008e-16,\n      7.762887554996212e-17,\n      -7.788908407135864e-16,\n      1.93421667571414e-16,\n      -1.97758476261356e-16,\n      0.04088693112654733,\n      9.687681043653307e-10,\n      2.6020852139652106e-18,\n      -1.97758476261356e-16,\n      1.717376241217039e-16,\n      -1.734723475976807e-18,\n      -2.3852447794681098e-18,\n      -1.1031757105040008e-16,\n      0.04088693112654733,\n      -1.734723475976807e-18,\n      2.5457067009959644e-16,\n      -5.854691731421724e-18,\n      7.762887554996212e-17,\n      9.687681043653307e-10,\n      -2.3852447794681098e-18,\n      -5.854691731421724e-18,\n      2.19225679276569e-16,\n      1.4137996329210978e-16,\n      -6.852157730108388e-17,\n      -1.1449174941446927e-16,\n      0.013963484783195949,\n      1.4769702613715019e-09,\n      -6.852157730108388e-17,\n      -1.214306433183765e-17,\n      -1.734723475976807e-18,\n      -1.734723475976807e-18,\n      -4.119968255444917e-18,\n      -1.1449174941446927e-16,\n      -1.734723475976807e-18,\n      3.434752482434078e-16,\n      0.030448557911672114,\n      4.8557788866199214e-11,\n      0.013963484783195949,\n      -1.734723475976807e-18,\n      0.030448557911672114,\n      4.917941054394248e-16,\n      -6.591949208711867e-17,\n      1.4769702613715019e-09,\n      -4.119968255444917e-18,\n      4.8557788866199214e-11,\n      -6.591949208711867e-17,\n      1.444157293750692e-16,\n      0.6452303860125104,\n      -1.986258379993444e-16,\n      0.15114797099966937,\n      -6.739400704169896e-16,\n      1.1015494072452725e-15,\n      -1.986258379993444e-16,\n      0.6317505758250491,\n      1.0364972768961422e-16,\n      2.5457067009959644e-16,\n      -5.724587470723463e-17,\n      0.15114797099966937,\n      1.0364972768961422e-16,\n      0.5847297092519238,\n      4.917941054394248e-16,\n      -1.9168694409543718e-16,\n      -6.739400704169896e-16,\n      2.5457067009959644e-16,\n      4.917941054394248e-16,\n      0.6841667070066089,\n      -4.507833410022366e-08,\n      1.1015494072452725e-15,\n      -5.724587470723463e-17,\n      -1.9168694409543718e-16,\n      -4.507833410022366e-08,\n      0.6116809572809176,\n      6.591949208711867e-17,\n      1.196959198423997e-16,\n      -1.214306433183765e-17,\n      -2.566306542273189e-16,\n      3.1138286393783687e-16,\n      1.196959198423997e-16,\n      -1.734723475976807e-17,\n      6.5052130349130266e-18,\n      -5.854691731421724e-18,\n      3.3610267347050637e-18,\n      -1.214306433183765e-17,\n      6.5052130349130266e-18,\n      -5.2909066017292616e-17,\n      -6.591949208711867e-17,\n      -3.0357660829594124e-18,\n      -2.566306542273189e-16,\n      -5.854691731421724e-18,\n      -6.591949208711867e-17,\n      -4.507833410022366e-08,\n      0.03624260393315732,\n      3.1138286393783687e-16,\n      3.3610267347050637e-18,\n      -3.0357660829594124e-18,\n      0.03624260393315732,\n      6.232712563072895e-09,\n      1.6046192152785466e-15,\n      -2.6454533008646308e-17,\n      2.3418766925686896e-17,\n      1.5970517464915235e-10,\n      0.12365056848923481,\n      -2.6454533008646308e-17,\n      1.7182436029550274e-15,\n      4.9873299934333204e-17,\n      7.762887554996212e-17,\n      -1.1817803680091998e-16,\n      2.3418766925686896e-17,\n      4.9873299934333204e-17,\n      1.6792123247455493e-15,\n      1.4769702613715019e-09,\n      0.013963484783195968,\n      1.5970517464915235e-10,\n      7.762887554996212e-17,\n      1.4769702613715019e-09,\n      1.1015494072452725e-15,\n      3.1138286393783687e-16,\n      0.12365056848923481,\n      -1.1817803680091998e-16,\n      0.013963484783195968,\n      3.1138286393783687e-16,\n      1.4576014006895122e-15,\n      -2.6020852139652106e-17,\n      8.233431297854921e-16,\n      3.642919299551295e-17,\n      7.28583859910259e-17,\n      -1.1817803680091998e-16,\n      8.233431297854921e-16,\n      2.42861286636753e-17,\n      2.647621705209602e-16,\n      9.687681043653307e-10,\n      0.04088693112654728,\n      3.642919299551295e-17,\n      2.647621705209602e-16,\n      -2.992397996059992e-17,\n      -4.119968255444917e-18,\n      1.3660947373317356e-17,\n      7.28583859910259e-17,\n      9.687681043653307e-10,\n      -4.119968255444917e-18,\n      -5.724587470723463e-17,\n      3.3610267347050637e-18,\n      -1.1817803680091998e-16,\n      0.04088693112654728,\n      1.3660947373317356e-17,\n      3.3610267347050637e-18,\n      -4.618701254788249e-17,\n      -2.1337098754514727e-16,\n      5.4643789493269423e-17,\n      3.0270924655795284e-16,\n      -8.413015145647407e-10,\n      0.013963484783195968,\n      5.4643789493269423e-17,\n      1.0061396160665481e-16,\n      1.3444106938820255e-17,\n      -2.3852447794681098e-18,\n      1.3660947373317356e-17,\n      3.0270924655795284e-16,\n      1.3444106938820255e-17,\n      -3.165870343657673e-16,\n      4.8557788866199214e-11,\n      0.03044855791167208,\n      -8.413015145647407e-10,\n      -2.3852447794681098e-18,\n      4.8557788866199214e-11,\n      -1.9168694409543718e-16,\n      -3.0357660829594124e-18,\n      0.013963484783195968,\n      1.3660947373317356e-17,\n      0.03044855791167208,\n      -3.0357660829594124e-18,\n      -5.93275428784068e-16,\n      6.591949208711867e-17,\n      1.196959198423997e-16,\n      -1.214306433183765e-17,\n      -2.566306542273189e-16,\n      3.1138286393783687e-16,\n      1.196959198423997e-16,\n      -1.734723475976807e-17,\n      6.5052130349130266e-18,\n      -5.854691731421724e-18,\n      3.3610267347050637e-18,\n      -1.214306433183765e-17,\n      6.5052130349130266e-18,\n      -5.2909066017292616e-17,\n      -6.591949208711867e-17,\n      -3.0357660829594124e-18,\n      -2.566306542273189e-16,\n      -5.854691731421724e-18,\n      -6.591949208711867e-17,\n      -4.507833410022366e-08,\n      0.03624260393315732,\n      3.1138286393783687e-16,\n      3.3610267347050637e-18,\n      -3.0357660829594124e-18,\n      0.03624260393315732,\n      6.232712563072895e-09,\n      0.6452303860125101,\n      -2.3288662664988635e-16,\n      0.15114797099966942,\n      -6.377277178559737e-16,\n      1.4576014006895122e-15,\n      -2.3288662664988635e-16,\n      0.6317505758250488,\n      1.1449174941446927e-16,\n      2.19225679276569e-16,\n      -4.618701254788249e-17,\n      0.15114797099966942,\n      1.1449174941446927e-16,\n      0.5847297092519232,\n      1.444157293750692e-16,\n      -5.93275428784068e-16,\n      -6.377277178559737e-16,\n      2.19225679276569e-16,\n      1.444157293750692e-16,\n      0.6116809572809176,\n      6.232712563072895e-09,\n      1.4576014006895122e-15,\n      -4.618701254788249e-17,\n      -5.93275428784068e-16,\n      6.232712563072895e-09,\n      0.6841667070066084\n    ]\n  },\n  \"nuclear_repulsion\": 0.755967,\n  \"orbital_data\": {\n    \"pairinfo\": \"0,0.0,0.0,0.0,0.0\",\n    \"occinfo\": \"-0.607586,0.00810977,0.00368497,0.00256101,0.00256101\"\n  },\n  \"name\": \"h2\",\n  \"parameters\": {\n    \"basis_set\": \"madness\",\n    \"geometry\": \"H 0 0 0\\nH 0 0 0.7\\n\",\n    \"description\": \"\",\n    \"multiplicity\": 1,\n    \"charge\": 0,\n    \"name\": \"h2\"\n  }\n}"
}