{
  "schema": "schema-madresults",
  "kwargs": {},
  "geometry": "../mol.json",
  "n_pno": 2,
  "mol": "{\n  \"one_body_integrals\": {\n    \"shape\": [\n      3,\n      3\n    ],\n    \"data\": [\n      -1.281131646897451,\n      1.131364966988624e-16,\n      -0.1849442589261573,\n      1.131364966988624e-16,\n      -0.426974493285579,\n      -3.002968967241726e-16,\n      -0.1849442589261573,\n      -3.002968967241726e-16,\n      -0.05026783376427302\n    ]\n  },\n  \"two_body_integrals\": {\n    \"shape\": [\n      3,\n      3,\n      3,\n      3\n    ],\n    \"data\": [\n      0.6735466609957633,\n      1.6046192152785466e-16,\n      0.1849507791882807,\n      1.6046192152785466e-16,\n      0.6853786507141642,\n      -5.724587470723463e-17,\n      0.1849507791882807,\n      -5.724587470723463e-17,\n      0.6254354367939116,\n      1.6046192152785466e-16,\n      0.17525619090696495,\n      7.37257477290143e-17,\n      0.17525619090696495,\n      4.154662724964453e-16,\n      0.043515469411817914,\n      7.37257477290143e-17,\n      0.043515469411817914,\n      7.892991815694472e-17,\n      0.1849507791882807,\n      7.37257477290143e-17,\n      0.14295738129943222,\n      7.37257477290143e-17,\n      0.17582506322743752,\n      -1.478851763270228e-16,\n      0.14295738129943222,\n      -1.478851763270228e-16,\n      0.1927754678625928,\n      1.6046192152785466e-16,\n      0.17525619090696495,\n      7.37257477290143e-17,\n      0.17525619090696495,\n      4.154662724964453e-16,\n      0.043515469411817914,\n      7.37257477290143e-17,\n      0.043515469411817914,\n      7.892991815694472e-17,\n      0.6853786507141642,\n      4.154662724964453e-16,\n      0.17582506322743752,\n      4.154662724964453e-16,\n      0.756289127482367,\n      -3.382710778154774e-17,\n      0.17582506322743752,\n      -3.382710778154774e-17,\n      0.6194456294943466,\n      -5.724587470723463e-17,\n      0.043515469411817914,\n      -1.478851763270228e-16,\n      0.043515469411817914,\n      -3.382710778154774e-17,\n      0.0503830096357274,\n      -1.478851763270228e-16,\n      0.0503830096357274,\n      -1.6501557065229377e-16,\n      0.1849507791882807,\n      7.37257477290143e-17,\n      0.14295738129943222,\n      7.37257477290143e-17,\n      0.17582506322743752,\n      -1.478851763270228e-16,\n      0.14295738129943222,\n      -1.478851763270228e-16,\n      0.1927754678625928,\n      -5.724587470723463e-17,\n      0.043515469411817914,\n      -1.478851763270228e-16,\n      0.043515469411817914,\n      -3.382710778154774e-17,\n      0.0503830096357274,\n      -1.478851763270228e-16,\n      0.0503830096357274,\n      -1.6501557065229377e-16,\n      0.6254354367939116,\n      7.892991815694472e-17,\n      0.1927754678625928,\n      7.892991815694472e-17,\n      0.6194456294943466,\n      -1.6501557065229377e-16,\n      0.1927754678625928,\n      -1.6501557065229377e-16,\n      0.617874226754137\n    ]\n  },\n  \"nuclear_repulsion\": 0.755967,\n  \"orbital_data\": {\n    \"pairinfo\": \"0,0.0,0.0\",\n    \"occinfo\": \"-0.607586,0.00810977,0.00368497\"\n  },\n  \"name\": \"h2\",\n  \"parameters\": {\n    \"basis_set\": \"madness\",\n    \"geometry\": \"H 0 0 0\\nH 0 0 0.7\\n\",\n    \"description\": \"\",\n    \"multiplicity\": 1,\n    \"charge\": 0,\n    \"name\": \"h2\"\n  }\n}"
}