{
  "schema": "schema-madresults",
  "kwargs": {},
  "geometry": "../mol.json",
  "n_pno": 12,
  "mol": "{\n  \"one_body_integrals\": {\n    \"shape\": [\n      14,\n      14\n    ],\n    \"data\": [\n      -2.145487967075229,\n      0.5198825049898699,\n      0.0006060888282881662,\n      -0.00039210367215278415,\n      0.06795890799296031,\n      -0.3050761740143262,\n      -9.16103992341314e-16,\n      -1.267826506674761e-16,\n      -0.15034314902184326,\n      -0.024146683210715114,\n      -0.0728199053244793,\n      -0.0034205473967544586,\n      -0.0004216993001051883,\n      -0.003052071215408494,\n      0.5198825049898699,\n      -2.145487967044077,\n      0.0003921035786858581,\n      -0.0006060888221954815,\n      0.30507617401171827,\n      -0.06795890796910166,\n      -2.375732751670869e-15,\n      2.6902454197882657e-16,\n      0.024146683307072092,\n      0.15034314899998993,\n      0.003420547293143422,\n      0.07281990527655348,\n      0.0030520709442238307,\n      0.00042169926331588493,\n      0.0006060888282881662,\n      0.0003921035786858581,\n      -1.3447619552327421,\n      0.43128037437150507,\n      0.000916117668519704,\n      0.00043404661238957286,\n      -3.2864106854872663e-16,\n      5.387008288131356e-16,\n      -0.003184485091515771,\n      0.0008562008485726873,\n      -0.011658186026900037,\n      -0.007170065983826399,\n      0.2042318983996223,\n      0.2406313154255803,\n      -0.00039210367215278415,\n      -0.0006060888221954815,\n      0.43128037437150507,\n      -1.3447619552035237,\n      0.00043404660587958695,\n      0.0009161174231518964,\n      5.451225238493217e-16,\n      -6.564580624091599e-16,\n      0.0008562009983252043,\n      -0.0031844850857751673,\n      -0.007170065508728715,\n      -0.011658184643351215,\n      0.24063131537872895,\n      0.20423189822244803,\n      0.06795890799296031,\n      0.30507617401171827,\n      0.000916117668519704,\n      0.00043404660587958695,\n      -0.6847949338624231,\n      -0.02420312496621546,\n      1.1039452051756085e-15,\n      -2.6498655264544527e-15,\n      0.06827520616591976,\n      -0.395984064460861,\n      0.16187014742143535,\n      -0.3925603195220134,\n      -0.016679106636326102,\n      0.0066327708576846695,\n      -0.3050761740143262,\n      -0.06795890796910166,\n      0.00043404661238957286,\n      0.0009161174231518964,\n      -0.02420312496621546,\n      -0.6847949338247599,\n      -6.508997356682524e-16,\n      1.232538342364947e-15,\n      -0.39598406462926505,\n      0.06827520627914163,\n      -0.39256031977266775,\n      0.16187014748361717,\n      0.006632770223911257,\n      -0.01667910885888613,\n      -9.16103992341314e-16,\n      -2.375732751670869e-15,\n      -3.2864106854872663e-16,\n      5.451225238493217e-16,\n      1.1039452051756085e-15,\n      -6.508997356682524e-16,\n      -0.831289284155464,\n      -0.3461201320657228,\n      9.98819531667928e-16,\n      2.391574041157168e-15,\n      -6.71465339019685e-15,\n      3.5439952975336422e-15,\n      -2.2924224795558033e-17,\n      1.5312959954977257e-15,\n      -1.267826506674761e-16,\n      2.6902454197882657e-16,\n      5.387008288131356e-16,\n      -6.564580624091599e-16,\n      -2.6498655264544527e-15,\n      1.232538342364947e-15,\n      -0.3461201320657228,\n      -0.831289284158454,\n      2.3575683506777637e-15,\n      4.249688148189238e-16,\n      4.505787718397027e-15,\n      -4.312566220052019e-15,\n      -1.0159661639880632e-16,\n      -4.627389178903062e-16,\n      -0.15034314902184326,\n      0.024146683307072092,\n      -0.003184485091515771,\n      0.0008562009983252043,\n      0.06827520616591976,\n      -0.39598406462926505,\n      9.98819531667928e-16,\n      2.3575683506777637e-15,\n      -0.16509292053059843,\n      -0.574618477384724,\n      0.18189452194803885,\n      -0.03239466550983977,\n      -0.003453587990277939,\n      0.00798241837415321,\n      -0.024146683210715114,\n      0.15034314899998993,\n      0.0008562008485726873,\n      -0.0031844850857751673,\n      -0.395984064460861,\n      0.06827520627914163,\n      2.391574041157168e-15,\n      4.249688148189238e-16,\n      -0.574618477384724,\n      -0.1650929205113627,\n      -0.032394665587119065,\n      0.18189452188145755,\n      0.00798241728796074,\n      -0.0034535882436228516,\n      -0.0728199053244793,\n      0.003420547293143422,\n      -0.011658186026900037,\n      -0.007170065508728715,\n      0.16187014742143535,\n      -0.39256031977266775,\n      -6.71465339019685e-15,\n      4.505787718397027e-15,\n      0.18189452194803885,\n      -0.032394665587119065,\n      0.6044832651727821,\n      -0.3451894672309022,\n      -0.030619765511900043,\n      0.009379282556232871,\n      -0.0034205473967544586,\n      0.07281990527655348,\n      -0.007170065983826399,\n      -0.011658184643351215,\n      -0.3925603195220134,\n      0.16187014748361717,\n      3.5439952975336422e-15,\n      -4.312566220052019e-15,\n      -0.03239466550983977,\n      0.18189452188145755,\n      -0.3451894672309022,\n      0.6044832651903431,\n      0.009379281537163744,\n      -0.030619765418846437,\n      -0.0004216993001051883,\n      0.0030520709442238307,\n      0.2042318983996223,\n      0.24063131537872895,\n      -0.016679106636326102,\n      0.006632770223911257,\n      -2.2924224795558033e-17,\n      -1.0159661639880632e-16,\n      -0.003453587990277939,\n      0.00798241728796074,\n      -0.030619765511900043,\n      0.009379281537163744,\n      0.4463985062642881,\n      0.36075240483500914,\n      -0.003052071215408494,\n      0.00042169926331588493,\n      0.2406313154255803,\n      0.20423189822244803,\n      0.0066327708576846695,\n      -0.01667910885888613,\n      1.5312959954977257e-15,\n      -4.627389178903062e-16,\n      0.00798241837415321,\n      -0.0034535882436228516,\n      0.009379282556232871,\n      -0.030619765418846437,\n      0.36075240483500914,\n      0.44639850634016476\n    ]\n  },\n  \"two_body_integrals\": {\n    \"shape\": [\n      14,\n      14,\n      14,\n      14\n    ],\n    \"data\": [\n      0.6378203897863646,\n      -0.06850042139130101,\n      -0.0005315007513791402,\n      6.116579320283432e-05,\n      -0.05064401830250058,\n      0.1697447166664086,\n      3.5561831257524545e-16,\n      6.071532165918825e-17,\n      0.011818564426893078,\n      -0.04692532576240227,\n      0.030057121315699785,\n      7.427070808114361e-05,\n      5.669897163034041e-05,\n      0.0011637426128480641,\n      -0.06850042139130101,\n      0.43884415123815995,\n      -0.00021790498093657122,\n      5.126214180879523e-05,\n      -0.06339941849089055,\n      -0.009550086665961436,\n      -1.8474805019152996e-16,\n      -2.7354420811809277e-16,\n      -0.04351310176833509,\n      -0.08307434792389168,\n      -0.0077177192540419685,\n      -0.024425850927607896,\n      -0.0011227636316940666,\n      -0.0004528418551071065,\n      -0.0005315007513791402,\n      -0.00021790498093657122,\n      0.6730800744704576,\n      -0.0036521923942537827,\n      -0.0001854221223723193,\n      -0.00020963748146524868,\n      3.4531839193663316e-17,\n      -1.4137996329210978e-16,\n      0.000288779319828349,\n      -0.0001392984052416349,\n      -0.00042207138897693865,\n      -0.005160258654369955,\n      0.1284364234321401,\n      0.010364519819769399,\n      6.116579320283432e-05,\n      5.126214180879523e-05,\n      -0.0036521923942537827,\n      0.4441600602853256,\n      9.743997873744412e-05,\n      -0.00011361426154281437,\n      1.4311468676808659e-16,\n      2.6020852139652106e-18,\n      -0.00020003364587385143,\n      5.363790146460114e-05,\n      -0.0039190423262256534,\n      0.00025782951293925086,\n      -0.005926339443108044,\n      0.0860215204648047,\n      -0.05064401830250058,\n      -0.06339941849089055,\n      -0.0001854221223723193,\n      9.743997873744412e-05,\n      0.4230065714849081,\n      -0.04514738051605145,\n      2.959871930885427e-16,\n      3.196228004487267e-16,\n      0.030513607395613977,\n      -0.0713367202937905,\n      0.04524165592296593,\n      -0.01232043720486147,\n      -0.0004400155334683354,\n      0.0022043566738269072,\n      0.1697447166664086,\n      -0.009550086665961436,\n      -0.00020963748146524868,\n      -0.00011361426154281437,\n      -0.04514738051605145,\n      0.6196131231680093,\n      7.589415207398531e-16,\n      4.85722573273506e-17,\n      -0.040612869064252065,\n      0.02142350413839953,\n      -0.011177266664933606,\n      0.07555648061797665,\n      0.002944387566864759,\n      -0.0008664329351687628,\n      3.5561831257524545e-16,\n      -1.8474805019152996e-16,\n      3.4531839193663316e-17,\n      1.4311468676808659e-16,\n      2.959871930885427e-16,\n      7.589415207398531e-16,\n      0.42670094625780686,\n      0.016242415745537392,\n      -2.512096433648914e-16,\n      4.978656376053436e-16,\n      -1.4155343563970746e-15,\n      -1.765623237892644e-16,\n      3.564314642046096e-17,\n      1.6046192152785466e-16,\n      6.071532165918825e-17,\n      -2.7354420811809277e-16,\n      -1.4137996329210978e-16,\n      2.6020852139652106e-18,\n      3.196228004487267e-16,\n      4.85722573273506e-17,\n      0.016242415745537392,\n      0.6362637867519226,\n      3.7947076036992655e-17,\n      -1.3010426069826053e-17,\n      1.3427843906232972e-16,\n      -1.0000680839006293e-15,\n      -6.591949208711867e-17,\n      -2.168404344971009e-18,\n      0.011818564426893078,\n      -0.04351310176833509,\n      0.000288779319828349,\n      -0.00020003364587385143,\n      0.030513607395613977,\n      -0.040612869064252065,\n      -2.512096433648914e-16,\n      3.7947076036992655e-17,\n      0.4068304281969474,\n      0.03472188706806602,\n      0.020943365991012895,\n      0.02848223364113726,\n      0.0014799012123412906,\n      0.0010924032140540254,\n      -0.04692532576240227,\n      -0.08307434792389168,\n      -0.0001392984052416349,\n      5.363790146460114e-05,\n      -0.0713367202937905,\n      0.02142350413839953,\n      4.978656376053436e-16,\n      -1.3010426069826053e-17,\n      0.03472188706806602,\n      0.6132706308832571,\n      0.0390441323927744,\n      0.013442290709812638,\n      0.0006629859874434096,\n      0.0016252185566071027,\n      0.030057121315699785,\n      -0.0077177192540419685,\n      -0.00042207138897693865,\n      -0.0039190423262256534,\n      0.04524165592296593,\n      -0.011177266664933606,\n      -1.4155343563970746e-15,\n      1.3427843906232972e-16,\n      0.020943365991012895,\n      0.0390441323927744,\n      0.4488742838084914,\n      0.02174376236090146,\n      0.0011894027023694794,\n      0.0013076570957062726,\n      7.427070808114361e-05,\n      -0.024425850927607896,\n      -0.005160258654369955,\n      0.00025782951293925086,\n      -0.01232043720486147,\n      0.07555648061797665,\n      -1.765623237892644e-16,\n      -1.0000680839006293e-15,\n      0.02848223364113726,\n      0.013442290709812638,\n      0.02174376236090146,\n      0.669168081412462,\n      0.0016699109965969598,\n      0.0013073414004262966,\n      5.669897163034041e-05,\n      -0.0011227636316940666,\n      0.1284364234321401,\n      -0.005926339443108044,\n      -0.0004400155334683354,\n      0.002944387566864759,\n      3.564314642046096e-17,\n      -6.591949208711867e-17,\n      0.0014799012123412906,\n      0.0006629859874434096,\n      0.0011894027023694794,\n      0.0016699109965969598,\n      0.6332708339397476,\n      -0.00543702176144548,\n      0.0011637426128480641,\n      -0.0004528418551071065,\n      0.010364519819769399,\n      0.0860215204648047,\n      0.0022043566738269072,\n      -0.0008664329351687628,\n      1.6046192152785466e-16,\n      -2.168404344971009e-18,\n      0.0010924032140540254,\n      0.0016252185566071027,\n      0.0013076570957062726,\n      0.0013073414004262966,\n      -0.00543702176144548,\n      0.42000054477323023,\n      -0.06850042139130101,\n      0.03345614488930514,\n      -4.5253129855768806e-05,\n      -3.061132326915065e-05,\n      0.008472684106568481,\n      -0.0363974544150267,\n      -1.220811646218678e-16,\n      -1.0148132334464322e-16,\n      -0.015914961877026016,\n      -0.027657264903413244,\n      -0.012068036619025873,\n      -0.006060106611388499,\n      -0.00034025345623895416,\n      -0.0005513160183140083,\n      0.03345614488930514,\n      -0.06850013190722326,\n      3.061132067393147e-05,\n      4.525312654784586e-05,\n      0.03639745442028536,\n      -0.00847268411157314,\n      2.8189256484623115e-18,\n      7.719519468096792e-17,\n      0.02765726489556184,\n      0.015914961874769765,\n      0.00606010661220067,\n      0.012068036624409983,\n      0.0005513159624062961,\n      0.00034025348530303343,\n      -4.5253129855768806e-05,\n      3.061132067393147e-05,\n      -0.07533140112126561,\n      0.008210608567143514,\n      4.6215807715319925e-05,\n      -4.408641132745998e-05,\n      -2.2388774861825667e-17,\n      3.903127820947816e-17,\n      -5.912217472696054e-05,\n      0.00013009860450625835,\n      -5.952013360755026e-05,\n      0.0021156776768120173,\n      -0.045673680753635426,\n      0.0014544890780736131,\n      -3.061132326915065e-05,\n      4.525312654784586e-05,\n      0.008210608567143514,\n      -0.07533140113194614,\n      -4.408642364961499e-05,\n      4.621582063068456e-05,\n      -4.683753385137379e-17,\n      -7.047314121155779e-18,\n      0.00013009858564767786,\n      -5.912217239069443e-05,\n      0.0021156779234680605,\n      -5.952011412135668e-05,\n      0.0014544890835208582,\n      -0.04567368074329435,\n      0.008472684106568481,\n      0.03639745442028536,\n      4.6215807715319925e-05,\n      -4.408642364961499e-05,\n      -0.06726622129634557,\n      0.0155706411012298,\n      -1.1806961658367143e-16,\n      -2.463307335887066e-16,\n      -0.01215257018646348,\n      0.016739928961701945,\n      -0.02296423802922908,\n      0.0022220650534342033,\n      0.00015385903914615117,\n      -0.0011307360943889509,\n      -0.0363974544150267,\n      -0.00847268411157314,\n      -4.408641132745998e-05,\n      4.621582063068456e-05,\n      0.0155706411012298,\n      -0.06726622129912599,\n      -2.667137344314341e-16,\n      -8.586881206085195e-17,\n      0.016739928968482788,\n      -0.012152570192218538,\n      0.0022220650615261063,\n      -0.022964238031031748,\n      -0.0011307359622646825,\n      0.00015385907857391962,\n      -1.220811646218678e-16,\n      2.8189256484623115e-18,\n      -2.2388774861825667e-17,\n      -4.683753385137379e-17,\n      -1.1806961658367143e-16,\n      -2.667137344314341e-16,\n      -0.0634685731689494,\n      -0.01237737843105803,\n      1.3725999503666486e-16,\n      -2.981555974335137e-17,\n      6.636401497783773e-16,\n      3.9085488318102435e-17,\n      -2.0328790734103208e-17,\n      -9.107298248878237e-17,\n      -1.0148132334464322e-16,\n      7.719519468096792e-17,\n      3.903127820947816e-17,\n      -7.047314121155779e-18,\n      -2.463307335887066e-16,\n      -8.586881206085195e-17,\n      -0.01237737843105803,\n      -0.06346857316436073,\n      -3.211948935988307e-17,\n      1.3964523981613297e-16,\n      6.049848122469115e-17,\n      3.365363543395006e-16,\n      1.951563910473908e-17,\n      -1.6534083130403943e-17,\n      -0.015914961877026016,\n      0.02765726489556184,\n      -5.912217472696054e-05,\n      0.00013009858564767786,\n      -0.01215257018646348,\n      0.016739928968482788,\n      1.3725999503666486e-16,\n      -3.211948935988307e-17,\n      -0.045467234956053496,\n      -0.011215917988336897,\n      -0.014144853228161372,\n      -0.011456237186958158,\n      -0.0005767627145595064,\n      -0.0007072181283501503,\n      -0.027657264903413244,\n      0.015914961874769765,\n      0.00013009860450625835,\n      -5.912217239069443e-05,\n      0.016739928961701945,\n      -0.012152570192218538,\n      -2.981555974335137e-17,\n      1.3964523981613297e-16,\n      -0.011215917988336897,\n      -0.045467234952604,\n      -0.011456237184454213,\n      -0.014144853232636229,\n      -0.0007072180335151671,\n      -0.0005767627693167668,\n      -0.012068036619025873,\n      0.00606010661220067,\n      -5.952013360755026e-05,\n      0.0021156779234680605,\n      -0.02296423802922908,\n      0.0022220650615261063,\n      6.636401497783773e-16,\n      6.049848122469115e-17,\n      -0.014144853228161372,\n      -0.011456237184454213,\n      -0.08015108107324566,\n      -0.013780620676372089,\n      -0.0008550637900031951,\n      -0.0005125715584150522,\n      -0.006060106611388499,\n      0.012068036624409983,\n      0.0021156776768120173,\n      -5.952011412135668e-05,\n      0.0022220650534342033,\n      -0.022964238031031748,\n      3.9085488318102435e-17,\n      3.365363543395006e-16,\n      -0.011456237186958158,\n      -0.014144853232636229,\n      -0.013780620676372089,\n      -0.08015108106887314,\n      -0.0005125715073447372,\n      -0.0008550638228741558,\n      -0.00034025345623895416,\n      0.0005513159624062961,\n      -0.045673680753635426,\n      0.0014544890835208582,\n      0.00015385903914615117,\n      -0.0011307359622646825,\n      -2.0328790734103208e-17,\n      1.951563910473908e-17,\n      -0.0005767627145595064,\n      -0.0007072180335151671,\n      -0.0008550637900031951,\n      -0.0005125715073447372,\n      -0.06937667913587005,\n      0.005670134182143027,\n      -0.0005513160183140083,\n      0.00034025348530303343,\n      0.0014544890780736131,\n      -0.04567368074329435,\n      -0.0011307360943889509,\n      0.00015385907857391962,\n      -9.107298248878237e-17,\n      -1.6534083130403943e-17,\n      -0.0007072181283501503,\n      -0.0005767627693167668,\n      -0.0005125715584150522,\n      -0.0008550638228741558,\n      0.005670134182143027,\n      -0.06937667914128118,\n      -0.0005315007513791402,\n      -4.5253129855768806e-05,\n      0.17458747551043782,\n      -0.00840951491782253,\n      -1.9669709188065306e-05,\n      -0.0001754025982119347,\n      1.474514954580286e-17,\n      -2.6020852139652106e-17,\n      0.0001887267120842329,\n      -2.593685518062841e-06,\n      0.00025243149032609495,\n      -0.0015179039257611979,\n      0.03949173626180252,\n      -0.004669670425536919,\n      -4.5253129855768806e-05,\n      -5.126213300739573e-05,\n      -0.02191830905064062,\n      0.05589425832342436,\n      9.296102341268446e-05,\n      -2.3678042362757033e-05,\n      -8.7061434450586e-17,\n      2.2876665839444144e-17,\n      -9.313841598364639e-05,\n      0.0002153434904395323,\n      -0.0005380095047628221,\n      0.0016494404436764583,\n      -0.03357153042749825,\n      0.012785361726777402,\n      0.17458747551043782,\n      -0.02191830905064062,\n      0.00010393344493873566,\n      -6.456907756959181e-06,\n      -0.03276212359419321,\n      0.057404041273140985,\n      1.6086849734253672e-16,\n      2.168404344971009e-17,\n      -0.014185775664345606,\n      0.00957717971519335,\n      0.005400988970500332,\n      -0.1507611912196699,\n      -0.0063316750938505785,\n      9.266259714399427e-05,\n      -0.00840951491782253,\n      0.05589425832342436,\n      -6.456907756959181e-06,\n      -0.0002444861546178217,\n      -0.003890402391524961,\n      0.020482216422633977,\n      2.5505856107721492e-17,\n      2.097931203759451e-17,\n      -0.023144806159828817,\n      -0.01382205165605194,\n      0.04442781237211641,\n      -0.003565492729446542,\n      -0.00016686530435117445,\n      0.0017265290243382604,\n      -1.9669709188065306e-05,\n      9.296102341268446e-05,\n      -0.03276212359419321,\n      -0.003890402391524961,\n      -5.417511843942025e-05,\n      8.103223950057907e-05,\n      -4.7704895589362195e-17,\n      -3.8272336688738307e-17,\n      -0.00010067594192350635,\n      0.000249525769310318,\n      0.0015096011048472621,\n      0.0006795174413868977,\n      -0.011317692450299302,\n      -0.037034129795344574,\n      -0.0001754025982119347,\n      -2.3678042362757033e-05,\n      0.057404041273140985,\n      0.020482216422633977,\n      8.103223950057907e-05,\n      -0.0006444914921052286,\n      -3.52772281872471e-17,\n      -9.84455572616838e-17,\n      -2.4157595919879272e-05,\n      8.066339100665557e-05,\n      -0.00040639905615170633,\n      -0.005391015767461916,\n      0.12685016973030339,\n      0.007113667443915181,\n      1.474514954580286e-17,\n      -8.7061434450586e-17,\n      1.6086849734253672e-16,\n      2.5505856107721492e-17,\n      -4.7704895589362195e-17,\n      -3.52772281872471e-17,\n      -1.3638969608913512e-05,\n      3.21867969067613e-05,\n      -5.724587470723463e-17,\n      4.6566483308252415e-17,\n      4.0549161250957866e-17,\n      2.168404344971009e-19,\n      4.1324365804285e-16,\n      -5.068645156369733e-18,\n      -2.6020852139652106e-17,\n      2.2876665839444144e-17,\n      2.168404344971009e-17,\n      2.097931203759451e-17,\n      -3.8272336688738307e-17,\n      -9.84455572616838e-17,\n      3.21867969067613e-05,\n      -0.0006248066465085632,\n      -4.662069341687669e-17,\n      8.744090521095593e-17,\n      2.9815559743351372e-18,\n      4.3281350725621337e-16,\n      -2.7560419224581523e-16,\n      -1.5064989186686084e-16,\n      0.0001887267120842329,\n      -9.313841598364639e-05,\n      -0.014185775664345606,\n      -0.023144806159828817,\n      -0.00010067594192350635,\n      -2.4157595919879272e-05,\n      -5.724587470723463e-17,\n      -4.662069341687669e-17,\n      0.00011122962253526814,\n      6.449799033326456e-05,\n      0.0009328856378099859,\n      -0.0006599512752355965,\n      0.011228100547852858,\n      -0.021635187944283735,\n      -2.593685518062841e-06,\n      0.0002153434904395323,\n      0.00957717971519335,\n      -0.01382205165605194,\n      0.000249525769310318,\n      8.066339100665557e-05,\n      4.6566483308252415e-17,\n      8.744090521095593e-17,\n      6.449799033326456e-05,\n      -0.0009196138527251397,\n      0.0005029843892548572,\n      -0.002816014696093801,\n      0.05968744116000804,\n      -0.01015218544363885,\n      0.00025243149032609495,\n      -0.0005380095047628221,\n      0.005400988970500332,\n      0.04442781237211641,\n      0.0015096011048472621,\n      -0.00040639905615170633,\n      4.0549161250957866e-17,\n      2.9815559743351372e-18,\n      0.0009328856378099859,\n      0.0005029843892548572,\n      8.289574859229702e-05,\n      0.0005678229803968409,\n      -0.0006550304977975222,\n      -0.0026809754567278512,\n      -0.0015179039257611979,\n      0.0016494404436764583,\n      -0.1507611912196699,\n      -0.003565492729446542,\n      0.0006795174413868977,\n      -0.005391015767461916,\n      2.168404344971009e-19,\n      4.3281350725621337e-16,\n      -0.0006599512752355965,\n      -0.002816014696093801,\n      0.0005678229803968409,\n      -0.0008017270777443634,\n      0.003013719551398255,\n      -0.012936666579145984,\n      0.03949173626180252,\n      -0.03357153042749825,\n      -0.0063316750938505785,\n      -0.00016686530435117445,\n      -0.011317692450299302,\n      0.12685016973030339,\n      4.1324365804285e-16,\n      -2.7560419224581523e-16,\n      0.011228100547852858,\n      0.05968744116000804,\n      -0.0006550304977975222,\n      0.003013719551398255,\n      0.0003756317575281422,\n      -0.0007552972453867853,\n      -0.004669670425536919,\n      0.012785361726777402,\n      9.266259714399427e-05,\n      0.0017265290243382604,\n      -0.037034129795344574,\n      0.007113667443915181,\n      -5.068645156369733e-18,\n      -1.5064989186686084e-16,\n      -0.021635187944283735,\n      -0.01015218544363885,\n      -0.0026809754567278512,\n      -0.012936666579145984,\n      -0.0007552972453867853,\n      -0.0005582470971903091,\n      6.116579320283432e-05,\n      -3.061132326915065e-05,\n      -0.00840951491782253,\n      0.009170993423675822,\n      3.258612358752284e-05,\n      -2.0789069382092526e-05,\n      3.686287386450715e-18,\n      1.5016200088924236e-17,\n      1.8847949637012545e-05,\n      3.7253804784256276e-05,\n      -0.00028690950702091604,\n      0.0002665102281823775,\n      -0.006455868371218875,\n      0.005756076370028692,\n      -3.061132326915065e-05,\n      0.0002179049844365055,\n      0.006202337711424994,\n      -0.021917462823070118,\n      -9.611078241468561e-05,\n      4.326216634785619e-05,\n      -1.5178830414797062e-17,\n      -5.149960319306146e-18,\n      9.347918752804045e-05,\n      -2.5794118802071632e-05,\n      0.0008534324670813331,\n      -0.00012486143369437868,\n      0.0024898088803811335,\n      -0.01794415580855081,\n      -0.00840951491782253,\n      0.006202337711424994,\n      3.8475438034901374e-05,\n      -2.8835889077369944e-06,\n      0.004484723237814899,\n      0.00024054308068386732,\n      -3.881443777498106e-17,\n      -1.2956215961201778e-17,\n      -0.004074570912460472,\n      -0.010629205601020441,\n      0.0011324627207590322,\n      0.006084438619326237,\n      0.00022033760885752768,\n      3.478907065132143e-05,\n      0.009170993423675822,\n      -0.021917462823070118,\n      -2.8835889077369944e-06,\n      0.00039982604346992475,\n      0.011661715573125345,\n      -0.00629982672672268,\n      -4.5536491244391186e-17,\n      4.2012834183813297e-19,\n      0.013376831702584713,\n      0.0017043766244042077,\n      -0.016973979233527225,\n      -0.001137932713731693,\n      -5.667703990038786e-05,\n      -0.0005657562392136599,\n      3.258612358752284e-05,\n      -9.611078241468561e-05,\n      0.004484723237814899,\n      0.011661715573125345,\n      0.0001882997111058095,\n      -4.488050156205769e-07,\n      2.3852447794681098e-17,\n      -5.488773498207866e-18,\n      8.331382660117445e-06,\n      -8.402116156618576e-06,\n      -0.0006511351593468588,\n      -3.691598398697767e-05,\n      0.0006357204633122911,\n      0.015627605369519734,\n      -2.0789069382092526e-05,\n      4.326216634785619e-05,\n      0.00024054308068386732,\n      -0.00629982672672268,\n      -4.488050156205769e-07,\n      2.1296249930738507e-05,\n      -3.144186300207963e-18,\n      4.7704895589362195e-18,\n      -2.3702301537674344e-05,\n      -3.148621442604447e-05,\n      0.00011969822940909638,\n      0.0001839425386865603,\n      -0.004225657781923154,\n      -0.0022758002171718375,\n      3.686287386450715e-18,\n      -1.5178830414797062e-17,\n      -3.881443777498106e-17,\n      -4.5536491244391186e-17,\n      2.3852447794681098e-17,\n      -3.144186300207963e-18,\n      0.00017989600324405512,\n      3.97396085502695e-06,\n      3.5344990823027445e-17,\n      -1.3295029140103498e-17,\n      2.168404344971009e-18,\n      -4.7704895589362195e-18,\n      -2.0342343261259277e-17,\n      -1.3335686721571705e-17,\n      1.5016200088924236e-17,\n      -5.149960319306146e-18,\n      -1.2956215961201778e-17,\n      4.2012834183813297e-19,\n      -5.488773498207866e-18,\n      4.7704895589362195e-18,\n      3.97396085502695e-06,\n      4.304404139335088e-05,\n      1.2793585635328952e-17,\n      8.456776945386935e-18,\n      -5.421010862427522e-19,\n      -1.6723818510588906e-17,\n      8.456776945386935e-18,\n      3.7174581989096733e-17,\n      1.8847949637012545e-05,\n      9.347918752804045e-05,\n      -0.004074570912460472,\n      0.013376831702584713,\n      8.331382660117445e-06,\n      -2.3702301537674344e-05,\n      3.5344990823027445e-17,\n      1.2793585635328952e-17,\n      0.00011720695929485933,\n      1.941388089625107e-05,\n      -0.0004254521792663527,\n      0.00014538950922457218,\n      -0.0024597735159472573,\n      0.009616915910485605,\n      3.7253804784256276e-05,\n      -2.5794118802071632e-05,\n      -0.010629205601020441,\n      0.0017043766244042077,\n      -8.402116156618576e-06,\n      -3.148621442604447e-05,\n      -1.3295029140103498e-17,\n      8.456776945386935e-18,\n      1.941388089625107e-05,\n      0.000131915187822446,\n      -3.382822067803234e-05,\n      0.00020159771308537523,\n      -0.0054623580788336025,\n      0.00021013633575940306,\n      -0.00028690950702091604,\n      0.0008534324670813331,\n      0.0011324627207590322,\n      -0.016973979233527225,\n      -0.0006511351593468588,\n      0.00011969822940909638,\n      2.168404344971009e-18,\n      -5.421010862427522e-19,\n      -0.0004254521792663527,\n      -3.382822067803234e-05,\n      0.000539269663385483,\n      3.3503036956343063e-05,\n      -0.002300966970298869,\n      -0.0025938874094671655,\n      0.0002665102281823775,\n      -0.00012486143369437868,\n      0.006084438619326237,\n      -0.001137932713731693,\n      -3.691598398697767e-05,\n      0.0001839425386865603,\n      -4.7704895589362195e-18,\n      -1.6723818510588906e-17,\n      0.00014538950922457218,\n      0.00020159771308537523,\n      3.3503036956343063e-05,\n      2.1476073735972497e-06,\n      9.232734439832031e-05,\n      0.0013917398692712003,\n      -0.006455868371218875,\n      0.0024898088803811335,\n      0.00022033760885752768,\n      -5.667703990038786e-05,\n      0.0006357204633122911,\n      -0.004225657781923154,\n      -2.0342343261259277e-17,\n      8.456776945386935e-18,\n      -0.0024597735159472573,\n      -0.0054623580788336025,\n      -0.002300966970298869,\n      9.232734439832031e-05,\n      -4.236607412930242e-05,\n      -6.17904412840004e-05,\n      0.005756076370028692,\n      -0.01794415580855081,\n      3.478907065132143e-05,\n      -0.0005657562392136599,\n      0.015627605369519734,\n      -0.0022758002171718375,\n      -1.3335686721571705e-17,\n      3.7174581989096733e-17,\n      0.009616915910485605,\n      0.00021013633575940306,\n      -0.0025938874094671655,\n      0.0013917398692712003,\n      -6.17904412840004e-05,\n      0.0001709192143125839,\n      -0.05064401830250058,\n      0.008472684106568481,\n      -1.9669709188065306e-05,\n      3.258612358752284e-05,\n      0.017868276835819128,\n      -0.02448884952005892,\n      -7.860465750519907e-18,\n      2.0816681711721685e-17,\n      0.00850891394928641,\n      -5.848878110284949e-05,\n      -0.0026552092731338267,\n      0.0005930758222649508,\n      4.951758660327681e-05,\n      -4.831663207543579e-05,\n      0.008472684106568481,\n      0.00955008667837978,\n      4.326216287228138e-05,\n      -2.3678043027738883e-05,\n      -0.010551425902658989,\n      0.00725252084200367,\n      -2.3771132631744685e-17,\n      -6.583817692418226e-17,\n      0.012334690938093515,\n      0.014617031099421737,\n      -0.005357004648078448,\n      0.0012982653086101275,\n      0.00010342830899956132,\n      -0.0002820733987592743,\n      -1.9669709188065306e-05,\n      4.326216287228138e-05,\n      -0.05896744055281099,\n      0.0026939300712014937,\n      2.6670667086316627e-05,\n      3.3828921053746797e-05,\n      -7.806255641895632e-18,\n      4.336808689942018e-18,\n      -6.139830499802976e-05,\n      7.992405452967081e-05,\n      0.00010905830273092708,\n      0.0008299255424162686,\n      -0.018022827723196355,\n      -0.0031763945133205197,\n      3.258612358752284e-05,\n      -2.3678043027738883e-05,\n      0.0026939300712014937,\n      0.00895537741461042,\n      -6.9190535750304316e-06,\n      -4.355796798187538e-06,\n      6.396792817664476e-18,\n      -3.279711571768651e-18,\n      3.995757902144426e-05,\n      1.5127347405541434e-05,\n      -3.217975311881264e-05,\n      -5.601387354407557e-05,\n      0.0014090534245924872,\n      0.0014803008010812594,\n      0.017868276835819128,\n      -0.010551425902658989,\n      2.6670667086316627e-05,\n      -6.9190535750304316e-06,\n      0.013533278123950688,\n      2.2681586330347916e-05,\n      -4.412702842016003e-17,\n      -4.087442190270352e-17,\n      0.003349213161283908,\n      0.010613666494523536,\n      0.002601733435435706,\n      0.00209855505445796,\n      1.9860895569633822e-05,\n      8.217500817891268e-05,\n      -0.02448884952005892,\n      0.00725252084200367,\n      3.3828921053746797e-05,\n      -4.355796798187538e-06,\n      2.2681586330347916e-05,\n      -0.052363698205882825,\n      -2.249177406821179e-16,\n      7.546047120499111e-17,\n      -5.6004050940764534e-05,\n      -0.0026615741261140336,\n      -0.001091214328439934,\n      -0.013206852313478696,\n      -0.000562900813244458,\n      2.339230637321473e-05,\n      -7.860465750519907e-18,\n      -2.3771132631744685e-17,\n      -7.806255641895632e-18,\n      6.396792817664476e-18,\n      -4.412702842016003e-17,\n      -2.249177406821179e-16,\n      0.0069924929838469435,\n      -0.003726760008205882,\n      9.86623976961809e-17,\n      -6.163689350580093e-17,\n      8.399856331331446e-17,\n      6.532318089225164e-17,\n      -1.7076184216646695e-18,\n      5.637851296924623e-18,\n      2.0816681711721685e-17,\n      -6.583817692418226e-17,\n      4.336808689942018e-18,\n      -3.279711571768651e-18,\n      -4.087442190270352e-17,\n      7.546047120499111e-17,\n      -0.003726760008205882,\n      -0.06009126267379715,\n      8.852510738344144e-17,\n      1.6273874609007422e-16,\n      3.10623922417097e-17,\n      1.7726705520137997e-16,\n      4.9873299934333204e-18,\n      8.565197162635485e-18,\n      0.00850891394928641,\n      0.012334690938093515,\n      -6.139830499802976e-05,\n      3.995757902144426e-05,\n      0.003349213161283908,\n      -5.6004050940764534e-05,\n      9.86623976961809e-17,\n      8.852510738344144e-17,\n      0.013159136123652378,\n      -0.0022219246156246447,\n      4.968125017430162e-05,\n      0.0001508791801116776,\n      -7.273987853785384e-05,\n      -1.1732715120443658e-05,\n      -5.848878110284949e-05,\n      0.014617031099421737,\n      7.992405452967081e-05,\n      1.5127347405541434e-05,\n      0.010613666494523536,\n      -0.0026615741261140336,\n      -6.163689350580093e-17,\n      1.6273874609007422e-16,\n      -0.0022219246156246447,\n      -0.036225402262011944,\n      -0.005222545677401274,\n      -0.0018442625251044505,\n      -0.00012035362680999347,\n      -0.00018821543013372582,\n      -0.0026552092731338267,\n      -0.005357004648078448,\n      0.00010905830273092708,\n      -3.217975311881264e-05,\n      0.002601733435435706,\n      -0.001091214328439934,\n      8.399856331331446e-17,\n      3.10623922417097e-17,\n      4.968125017430162e-05,\n      -0.005222545677401274,\n      0.01168622489041777,\n      -0.0019849230422563213,\n      -0.00012885562968184178,\n      -0.0002754561572123216,\n      0.0005930758222649508,\n      0.0012982653086101275,\n      0.0008299255424162686,\n      -5.601387354407557e-05,\n      0.00209855505445796,\n      -0.013206852313478696,\n      6.532318089225164e-17,\n      1.7726705520137997e-16,\n      0.0001508791801116776,\n      -0.0018442625251044505,\n      -0.0019849230422563213,\n      -0.05842260952865056,\n      -0.0002254558652285233,\n      -0.0001439346713221865,\n      4.951758660327681e-05,\n      0.00010342830899956132,\n      -0.018022827723196355,\n      0.0014090534245924872,\n      1.9860895569633822e-05,\n      -0.000562900813244458,\n      -1.7076184216646695e-18,\n      4.9873299934333204e-18,\n      -7.273987853785384e-05,\n      -0.00012035362680999347,\n      -0.00012885562968184178,\n      -0.0002254558652285233,\n      -0.053920608097420046,\n      0.001308932468112601,\n      -4.831663207543579e-05,\n      -0.0002820733987592743,\n      -0.0031763945133205197,\n      0.0014803008010812594,\n      8.217500817891268e-05,\n      2.339230637321473e-05,\n      5.637851296924623e-18,\n      8.565197162635485e-18,\n      -1.1732715120443658e-05,\n      -0.00018821543013372582,\n      -0.0002754561572123216,\n      -0.0001439346713221865,\n      0.001308932468112601,\n      0.018356628332802074,\n      0.1697447166664086,\n      -0.0363974544150267,\n      -0.0001754025982119347,\n      -2.0789069382092526e-05,\n      -0.02448884952005892,\n      0.13505958359262749,\n      2.962040335230398e-16,\n      -1.0408340855860843e-17,\n      0.004125556520944864,\n      -0.0009706335363553029,\n      0.010367443595929426,\n      0.021539430997963262,\n      0.000829658081569767,\n      0.0002925023924924132,\n      -0.0363974544150267,\n      0.06339941848126275,\n      -9.611077659436992e-05,\n      9.296102374073585e-05,\n      -0.014592996781926286,\n      -0.010551415939393283,\n      -1.9971004017182992e-16,\n      -1.3270634591222574e-16,\n      -0.01433664473287777,\n      -0.032135362829714215,\n      -0.009930155765104483,\n      -0.01878290419396976,\n      -0.0009493009707288425,\n      -0.00045731039931334134,\n      -0.0001754025982119347,\n      -9.611077659436992e-05,\n      0.17692772549257896,\n      0.0010046033062700876,\n      -3.0025009124218455e-05,\n      -0.0002703432792926404,\n      1.0516761073109393e-17,\n      -1.0928757898653885e-16,\n      0.00012688865318548868,\n      -2.9094352604276848e-05,\n      -0.000259322682480944,\n      -0.00475325670770646,\n      0.11229700992872274,\n      0.005311229085223035,\n      -2.0789069382092526e-05,\n      9.296102374073585e-05,\n      0.0010046033062700876,\n      0.0597706737475421,\n      3.808213991631079e-05,\n      -8.014304656199999e-05,\n      4.5536491244391186e-17,\n      1.4094628242311558e-18,\n      -0.00010965908634740906,\n      -3.786547662142808e-05,\n      -0.0012232674379916428,\n      -9.57105278771755e-06,\n      -7.592003134479193e-05,\n      0.028066538869392196,\n      -0.02448884952005892,\n      -0.014592996781926286,\n      -3.0025009124218455e-05,\n      3.808213991631079e-05,\n      0.06023766634839268,\n      -0.03262351858424193,\n      3.65376132127615e-17,\n      2.211772431870429e-16,\n      0.012774802248416171,\n      -0.024624570383548396,\n      0.012852270801076844,\n      -0.01423987441475755,\n      -0.0005842367104960367,\n      0.0006342657448915826,\n      0.13505958359262749,\n      -0.010551415939393283,\n      -0.0002703432792926404,\n      -8.014304656199999e-05,\n      -0.03262351858424193,\n      0.1880757003895626,\n      3.5800355735471356e-16,\n      1.8735013540549517e-16,\n      -0.028725346835189604,\n      0.005837248145653574,\n      -0.004365750241781024,\n      0.06306224062015099,\n      0.00263798770675454,\n      -0.0004264833301430407,\n      2.962040335230398e-16,\n      -1.9971004017182992e-16,\n      1.0516761073109393e-17,\n      4.5536491244391186e-17,\n      3.65376132127615e-17,\n      3.5800355735471356e-16,\n      0.0553729179567089,\n      0.007519122311970953,\n      -9.519295074422729e-17,\n      2.636779683484747e-16,\n      -3.612561638721701e-16,\n      6.570265165262157e-17,\n      1.6046192152785466e-17,\n      5.724587470723463e-17,\n      -1.0408340855860843e-17,\n      -1.3270634591222574e-16,\n      -1.0928757898653885e-16,\n      1.4094628242311558e-18,\n      2.211772431870429e-16,\n      1.8735013540549517e-16,\n      0.007519122311970953,\n      0.1487629018080633,\n      8.370040771588094e-17,\n      -7.19910242530375e-17,\n      3.903127820947816e-18,\n      -8.083811398051921e-16,\n      -9.627715291671279e-17,\n      5.204170427930421e-18,\n      0.004125556520944864,\n      -0.01433664473287777,\n      0.00012688865318548868,\n      -0.00010965908634740906,\n      0.012774802248416171,\n      -0.028725346835189604,\n      -9.519295074422729e-17,\n      8.370040771588094e-17,\n      0.05129969974906074,\n      0.011015256440145556,\n      0.012174922166209504,\n      0.011765903030361798,\n      0.0007116458821253713,\n      0.0005954855422800407,\n      -0.0009706335363553029,\n      -0.032135362829714215,\n      -2.9094352604276848e-05,\n      -3.786547662142808e-05,\n      -0.024624570383548396,\n      0.005837248145653574,\n      2.636779683484747e-16,\n      -7.19910242530375e-17,\n      0.011015256440145556,\n      0.146043319964466,\n      0.017780553326202812,\n      0.022009160855027673,\n      0.00108819222966586,\n      0.0007659945051655894,\n      0.010367443595929426,\n      -0.009930155765104483,\n      -0.000259322682480944,\n      -0.00122326743799