{
  "schema": "schema-madresults",
  "kwargs": {},
  "geometry": "../mol.json",
  "n_pno": 10,
  "mol": "{\n  \"one_body_integrals\": {\n    \"shape\": [\n      12,\n      12\n    ],\n    \"data\": [\n      -2.145536832610245,\n      -0.5197993322265136,\n      0.0005140014253824847,\n      0.0008779620511813503,\n      -0.06570621218355704,\n      -0.31261783739337523,\n      3.0001000532658518e-15,\n      -3.1337047004242687e-15,\n      0.15031624345064487,\n      -0.02656015271195164,\n      0.0003969925567190843,\n      -0.000266424906973694,\n      -0.5197993322265136,\n      -2.1455368325298387,\n      -0.0008779622678038415,\n      -0.0005140014147325866,\n      0.312617837391973,\n      0.06570621214031597,\n      -7.10083285568047e-16,\n      6.840549677097763e-16,\n      0.026560152753263483,\n      -0.15031624343476155,\n      -0.00026642487667489275,\n      0.0003969925277121557,\n      0.0005140014253824847,\n      -0.0008779622678038415,\n      -1.3498669150000682,\n      -0.4275838827546631,\n      0.00013701127352275033,\n      -0.001679344583796784,\n      8.858126481481439e-16,\n      5.74285761893925e-17,\n      0.0011133628621298889,\n      0.003011731526191344,\n      -0.20125205963888204,\n      -0.22108148964611696,\n      0.0008779620511813503,\n      -0.0005140014147325866,\n      -0.4275838827546631,\n      -1.3498669150204514,\n      -0.0016793445894766816,\n      0.00013701128063967072,\n      6.707312449149942e-17,\n      2.7119898729974365e-16,\n      0.00301173164232646,\n      0.0011133629901557457,\n      0.22108148962006585,\n      0.2012520596669991,\n      -0.06570621218355704,\n      0.312617837391973,\n      0.00013701127352275033,\n      -0.0016793445894766816,\n      -0.7590896827182947,\n      -0.0008261611926985157,\n      9.447918817418386e-17,\n      -5.424264737219653e-15,\n      0.07018988129465692,\n      0.3503100359293184,\n      0.0006731448742080801,\n      -0.002304816439696674,\n      -0.31261783739337523,\n      0.06570621214031597,\n      -0.001679344583796784,\n      0.00013701128063967072,\n      -0.0008261611926985157,\n      -0.7590896827215547,\n      1.329152074287086e-14,\n      1.237419494007387e-15,\n      0.3503100360101016,\n      0.07018988138829158,\n      0.002304816610083474,\n      -0.0006731448493803461,\n      3.0001000532658518e-15,\n      -7.10083285568047e-16,\n      8.858126481481439e-16,\n      6.707312449149942e-17,\n      9.447918817418386e-17,\n      1.329152074287086e-14,\n      -0.8318398863665875,\n      -0.3459522854294644,\n      9.63228880636531e-15,\n      5.060912989640943e-15,\n      -1.3298320789545867e-15,\n      -6.371462892946877e-17,\n      -3.1337047004242687e-15,\n      6.840549677097763e-16,\n      5.74285761893925e-17,\n      2.7119898729974365e-16,\n      -5.424264737219653e-15,\n      1.237419494007387e-15,\n      -0.3459522854294644,\n      -0.8318398863743206,\n      1.0252826510026182e-14,\n      -4.975087801017645e-16,\n      9.730113873942821e-16,\n      -2.9884354783254243e-16,\n      0.15031624345064487,\n      0.026560152753263483,\n      0.0011133628621298889,\n      0.00301173164232646,\n      0.07018988129465692,\n      0.3503100360101016,\n      9.63228880636531e-15,\n      1.0252826510026182e-14,\n      -0.183646183214623,\n      0.5749459144412559,\n      0.00032294736994692734,\n      0.0016233578683061153,\n      -0.02656015271195164,\n      -0.15031624343476155,\n      0.003011731526191344,\n      0.0011133629901557457,\n      0.3503100359293184,\n      0.07018988138829158,\n      5.060912989640943e-15,\n      -4.975087801017645e-16,\n      0.5749459144412559,\n      -0.18364618312864023,\n      -0.00162335786521005,\n      -0.00032294733441670664,\n      0.0003969925567190843,\n      -0.00026642487667489275,\n      -0.20125205963888204,\n      0.22108148962006585,\n      0.0006731448742080801,\n      0.002304816610083474,\n      -1.3298320789545867e-15,\n      9.730113873942821e-16,\n      0.00032294736994692734,\n      -0.00162335786521005,\n      0.3407199159682772,\n      0.330746812068877,\n      -0.000266424906973694,\n      0.0003969925277121557,\n      -0.22108148964611696,\n      0.2012520596669991,\n      -0.002304816439696674,\n      -0.0006731448493803461,\n      -6.371462892946877e-17,\n      -2.9884354783254243e-16,\n      0.0016233578683061153,\n      -0.00032294733441670664,\n      0.330746812068877,\n      0.3407199160397587\n    ]\n  },\n  \"two_body_integrals\": {\n    \"shape\": [\n      12,\n      12,\n      12,\n      12\n    ],\n    \"data\": [\n      0.6378853471448659,\n      0.06847370398423665,\n      -0.00012250687633242555,\n      -0.0007132566831810679,\n      0.04955389919470421,\n      0.17298799169133855,\n      -8.550018332220688e-16,\n      2.626371342628886e-15,\n      -0.011887781235905504,\n      -0.045532555129639954,\n      -0.00023368920856196417,\n      4.199375854959525e-05,\n      0.06847370398423665,\n      0.43885301255967646,\n      9.893170682717819e-05,\n      0.0002513418483661091,\n      -0.06628173973140356,\n      0.010968941550974136,\n      -2.437286483747414e-16,\n      -1.6479873021779667e-16,\n      -0.043953471214450424,\n      0.08308422037509303,\n      8.55440758034693e-05,\n      -4.946655466711927e-05,\n      -0.00012250687633242555,\n      9.893170682717819e-05,\n      0.4435608767838566,\n      0.004846837735579318,\n      0.00021861762984002253,\n      7.928579758085586e-05,\n      -5.421010862427522e-17,\n      -3.187554387107383e-17,\n      -0.00016939751536017983,\n      -0.00014446425044829726,\n      -0.08541028866381283,\n      0.006049300629555372,\n      -0.0007132566831810679,\n      0.0002513418483661091,\n      0.004846837735579318,\n      0.6715769749011862,\n      -3.091748645015326e-06,\n      -2.6867858896364484e-05,\n      -3.8163916471489756e-17,\n      -1.0495077029659683e-16,\n      -0.00040733450979732813,\n      -0.00011130004444599197,\n      0.010465716775264287,\n      0.131595692109754,\n      0.04955389919470421,\n      -0.06628173973140356,\n      0.00021861762984002253,\n      -3.091748645015326e-06,\n      0.4341015643034063,\n      0.02298249970580746,\n      7.316196259932184e-16,\n      2.8368149843083224e-16,\n      0.035319145861772955,\n      0.06651552311049931,\n      -9.846173466553131e-05,\n      -0.00010428568715191878,\n      0.17298799169133855,\n      0.010968941550974136,\n      7.928579758085586e-05,\n      -2.6867858896364484e-05,\n      0.02298249970580746,\n      0.623331304415281,\n      6.361014145972455e-16,\n      -8.933825901280557e-16,\n      0.0334740025434343,\n      0.027785906734838203,\n      -0.0002661261747374671,\n      -0.0006368821708948435,\n      -8.550018332220688e-16,\n      -2.437286483747414e-16,\n      -5.421010862427522e-17,\n      -3.8163916471489756e-17,\n      7.316196259932184e-16,\n      6.361014145972455e-16,\n      0.42662131139604187,\n      0.01624682887525803,\n      -8.592302216947623e-16,\n      -1.2084517414523432e-15,\n      -3.1051550219984847e-16,\n      -4.808436634973212e-17,\n      2.626371342628886e-15,\n      -1.6479873021779667e-16,\n      -3.187554387107383e-17,\n      -1.0495077029659683e-16,\n      2.8368149843083224e-16,\n      -8.933825901280557e-16,\n      0.01624682887525803,\n      0.6361661722500329,\n      1.2878153404782822e-15,\n      7.034303695085953e-16,\n      -1.3552527156068805e-17,\n      3.2959746043559335e-17,\n      -0.011887781235905504,\n      -0.043953471214450424,\n      -0.00016939751536017983,\n      -0.00040733450979732813,\n      0.035319145861772955,\n      0.0334740025434343,\n      -8.592302216947623e-16,\n      1.2878153404782822e-15,\n      0.4052782316090572,\n      -0.032760202962138926,\n      -0.00010653681838479695,\n      -0.00010729346042774178,\n      -0.045532555129639954,\n      0.08308422037509303,\n      -0.00014446425044829726,\n      -0.00011130004444599197,\n      0.06651552311049931,\n      0.027785906734838203,\n      -1.2084517414523432e-15,\n      7.034303695085953e-16,\n      -0.032760202962138926,\n      0.6113963766031609,\n      -0.0001746229844184243,\n      8.536475625148406e-05,\n      -0.00023368920856196417,\n      8.55440758034693e-05,\n      -0.08541028866381283,\n      0.010465716775264287,\n      -9.846173466553131e-05,\n      -0.0002661261747374671,\n      -3.1051550219984847e-16,\n      -1.3552527156068805e-17,\n      -0.00010653681838479695,\n      -0.0001746229844184243,\n      0.4122795805131198,\n      -0.005551001806478122,\n      4.199375854959525e-05,\n      -4.946655466711927e-05,\n      0.006049300629555372,\n      0.131595692109754,\n      -0.00010428568715191878,\n      -0.0006368821708948435,\n      -4.808436634973212e-17,\n      3.2959746043559335e-17,\n      -0.00010729346042774178,\n      8.536475625148406e-05,\n      -0.005551001806478122,\n      0.6212176211213398,\n      0.06847370398423665,\n      0.03344009240418471,\n      -5.053984417059242e-05,\n      2.92968099519955e-05,\n      0.007029685871350987,\n      0.03812610733825872,\n      -3.5410042953376575e-16,\n      4.423544863740858e-16,\n      -0.015803840450646884,\n      0.02778803390081545,\n      -1.1891719717460202e-05,\n      4.454144240761352e-05,\n      0.03344009240418471,\n      0.06847341480597229,\n      -2.9296808261780258e-05,\n      5.0539845167238114e-05,\n      -0.038126107347028426,\n      -0.0070296858786377345,\n      -2.42861286636753e-16,\n      -1.192622389734055e-16,\n      -0.027788033889385687,\n      0.01580384044570076,\n      4.4541440090167805e-05,\n      -1.1891713524423125e-05,\n      -5.053984417059242e-05,\n      -2.9296808261780258e-05,\n      0.07494059271996513,\n      0.00878969231165022,\n      8.84844334006216e-05,\n      4.289496103959353e-05,\n      -5.204170427930421e-18,\n      -1.4203048459560108e-17,\n      -0.00010980370672356281,\n      -9.463649370381193e-05,\n      -0.04497008269655907,\n      0.0014678833945602928,\n      2.92968099519955e-05,\n      5.0539845167238114e-05,\n      0.00878969231165022,\n      0.07494059270611343,\n      4.289496142904567e-05,\n      8.848443066473261e-05,\n      -1.1275702593849246e-17,\n      -2.0383000842727483e-17,\n      -9.46364964289163e-05,\n      -0.00010980371122530207,\n      -0.0014678833969910443,\n      0.044970082693641146,\n      0.007029685871350987,\n      -0.038126107347028426,\n      8.84844334006216e-05,\n      4.289496142904567e-05,\n      0.0707080809024478,\n      0.006700506275569989,\n      2.8427780962569926e-16,\n      4.163336342344337e-17,\n      0.014518758774235335,\n      0.013356786391574766,\n      -6.205581553282193e-05,\n      4.8484521962316744e-05,\n      0.03812610733825872,\n      -0.0070296858786377345,\n      4.289496103959353e-05,\n      8.848443066473261e-05,\n      0.006700506275569989,\n      0.070708080892424,\n      1.0012607062903633e-16,\n      -1.3877787807814457e-16,\n      0.013356786398986291,\n      0.014518758781353142,\n      -4.848452948707561e-05,\n      6.20558213067085e-05,\n      -3.5410042953376575e-16,\n      -2.42861286636753e-16,\n      -5.204170427930421e-18,\n      -1.1275702593849246e-17,\n      2.8427780962569926e-16,\n      1.0012607062903633e-16,\n      0.06339972925460974,\n      0.012373931497364876,\n      -5.112013243269153e-16,\n      -3.6635191408285195e-16,\n      -1.691355389077387e-16,\n      -7.426784881525705e-18,\n      4.423544863740858e-16,\n      -1.192622389734055e-16,\n      -1.4203048459560108e-17,\n      -2.0383000842727483e-17,\n      4.163336342344337e-17,\n      -1.3877787807814457e-16,\n      0.012373931497364876,\n      0.06339972924276238,\n      1.2118669782956726e-16,\n      1.474514954580286e-16,\n      -2.2714035513571318e-17,\n      -4.119968255444917e-18,\n      -0.015803840450646884,\n      -0.027788033889385687,\n      -0.00010980370672356281,\n      -9.46364964289163e-05,\n      0.014518758774235335,\n      0.013356786398986291,\n      -5.112013243269153e-16,\n      1.2118669782956726e-16,\n      0.044539710161753523,\n      -0.01057495070091761,\n      -4.419464808418788e-05,\n      -3.622266501980624e-05,\n      0.02778803390081545,\n      0.01580384044570076,\n      -9.463649370381193e-05,\n      -0.00010980371122530207,\n      0.013356786391574766,\n      0.014518758781353142,\n      -3.6635191408285195e-16,\n      1.474514954580286e-16,\n      -0.01057495070091761,\n      0.04453971015418541,\n      3.62226581851388e-05,\n      4.419464630279861e-05,\n      -1.1891719717460202e-05,\n      4.4541440090167805e-05,\n      -0.04497008269655907,\n      -0.0014678833969910443,\n      -6.205581553282193e-05,\n      -4.848452948707561e-05,\n      -1.691355389077387e-16,\n      -2.2714035513571318e-17,\n      -4.419464808418788e-05,\n      3.62226581851388e-05,\n      0.06608037121439861,\n      -0.005549604816897278,\n      4.454144240761352e-05,\n      -1.1891713524423125e-05,\n      0.0014678833945602928,\n      0.044970082693641146,\n      4.8484521962316744e-05,\n      6.20558213067085e-05,\n      -7.426784881525705e-18,\n      -4.119968255444917e-18,\n      -3.622266501980624e-05,\n      4.419464630279861e-05,\n      -0.005549604816897278,\n      0.06608037120110533,\n      -0.00012250687633242555,\n      -5.053984417059242e-05,\n      0.009238071469711001,\n      0.00859686817912205,\n      3.2006958277746656e-05,\n      5.36632925159943e-06,\n      1.1384122811097797e-17,\n      1.0516761073109393e-17,\n      2.3541113112941713e-05,\n      -4.0098095652916273e-05,\n      -0.0054624028789001956,\n      0.006478032588376789,\n      -5.053984417059242e-05,\n      -0.0002513418441253961,\n      0.021812227724311642,\n      0.006422620219362628,\n      0.00014082341230453816,\n      5.145840062690404e-05,\n      2.8189256484623115e-17,\n      -2.8731357570865868e-18,\n      -6.874031929538426e-05,\n      -4.814000850384765e-05,\n      -0.017658394449432225,\n      0.0024043845759592246,\n      0.009238071469711001,\n      0.021812227724311642,\n      -0.00038827578242673537,\n      -1.3920623599607555e-05,\n      -0.010108398312599107,\n      -0.009330383626646878,\n      -1.6295558652457132e-16,\n      -5.3600244902252125e-17,\n      -0.014055039272520425,\n      0.0017591233489986232,\n      0.00023168835490885368,\n      -1.533451949122536e-06,\n      0.00859686817912205,\n      0.006422620219362628,\n      -1.3920623599607555e-05,\n      -6.74637205939141e-05,\n      0.0055541270730414625,\n      -0.0006158536308211642,\n      -1.2484588016170584e-16,\n      -2.4448758989548125e-17,\n      -0.004123351603333577,\n      0.010959774786273285,\n      2.1284753354096575e-05,\n      4.252200663467894e-05,\n      3.2006958277746656e-05,\n      0.00014082341230453816,\n      -0.010108398312599107,\n      0.0055541270730414625,\n      -0.0002379637789006124,\n      2.6478301769040447e-06,\n      -3.903127820947816e-18,\n      9.242823520438925e-18,\n      -4.078818480388394e-05,\n      -2.6656081650952543e-05,\n      0.015211070252973448,\n      0.00044133924050008806,\n      5.36632925159943e-06,\n      5.145840062690404e-05,\n      -0.009330383626646878,\n      -0.0006158536308211642,\n      2.6478301769040447e-06,\n      -0.00010986820822333544,\n      -1.1709383462843448e-17,\n      -1.0164395367051604e-17,\n      -2.622934163527108e-05,\n      3.77409890221727e-05,\n      0.002652451281392991,\n      0.004643497686561513,\n      1.1384122811097797e-17,\n      2.8189256484623115e-17,\n      -1.6295558652457132e-16,\n      -1.2484588016170584e-16,\n      -3.903127820947816e-18,\n      -1.1709383462843448e-17,\n      -0.00021504569828352266,\n      -1.2412433963927025e-05,\n      -1.3010426069826053e-18,\n      7.995991022080595e-19,\n      7.134050294954619e-17,\n      -5.563312397566245e-17,\n      1.0516761073109393e-17,\n      -2.8731357570865868e-18,\n      -5.3600244902252125e-17,\n      -2.4448758989548125e-17,\n      9.242823520438925e-18,\n      -1.0164395367051604e-17,\n      -1.2412433963927025e-05,\n      -0.00012932646180270234,\n      2.0599841277224584e-18,\n      3.144186300207963e-18,\n      -1.9481757786848908e-17,\n      3.447762908503904e-17,\n      2.3541113112941713e-05,\n      -6.874031929538426e-05,\n      -0.014055039272520425,\n      -0.004123351603333577,\n      -4.078818480388394e-05,\n      -2.622934163527108e-05,\n      -1.3010426069826053e-18,\n      2.0599841277224584e-18,\n      -0.00014072991524198932,\n      2.6164488447955702e-05,\n      0.009524515476684071,\n      -0.0022044880442364076,\n      -4.0098095652916273e-05,\n      -4.814000850384765e-05,\n      0.0017591233489986232,\n      0.010959774786273285,\n      -2.6656081650952543e-05,\n      3.77409890221727e-05,\n      7.995991022080595e-19,\n      3.144186300207963e-18,\n      2.6164488447955702e-05,\n      -0.000192984968657478,\n      -3.487429653006841e-05,\n      0.0055176543168994055,\n      -0.0054624028789001956,\n      -0.017658394449432225,\n      0.00023168835490885368,\n      2.1284753354096575e-05,\n      0.015211070252973448,\n      0.002652451281392991,\n      7.134050294954619e-17,\n      -1.9481757786848908e-17,\n      0.009524515476684071,\n      -3.487429653006841e-05,\n      -0.0004099729185858787,\n      1.704289861146813e-05,\n      0.006478032588376789,\n      0.0024043845759592246,\n      -1.533451949122536e-06,\n      4.252200663467894e-05,\n      0.00044133924050008806,\n      0.004643497686561513,\n      -5.563312397566245e-17,\n      3.447762908503904e-17,\n      -0.0022044880442364076,\n      0.0055176543168994055,\n      1.704289861146813e-05,\n      3.190984768642745e-06,\n      -0.0007132566831810679,\n      2.92968099519955e-05,\n      0.00859686817912205,\n      0.17421894033222698,\n      -4.3756566597226865e-05,\n      -0.00011863455207544466,\n      1.1709383462843448e-17,\n      4.90059381963448e-17,\n      -0.00021519096331928987,\n      5.918178770981681e-06,\n      -0.004261294567919536,\n      0.04074407259109954,\n      2.92968099519955e-05,\n      -9.893170293947314e-05,\n      0.056253775673219104,\n      0.021813059241819015,\n      0.00016519163269495656,\n      4.135696067602819e-05,\n      4.5211230592645535e-17,\n      -2.3012191111004832e-17,\n      -9.611337539676412e-05,\n      -0.00023545046598160476,\n      -0.01240607707527375,\n      0.032531205761308746,\n      0.00859686817912205,\n      0.056253775673219104,\n      -0.0002481829152343987,\n      7.45872371908261e-05,\n      -0.001172551806092153,\n      -0.027114798639563658,\n      -3.4697180024967356e-16,\n      -4.04570040662966e-16,\n      -0.024414593399740808,\n      0.013865967343039938,\n      0.000331928379988843,\n      5.918127027227028e-06,\n      0.17421894033222698,\n      0.021813059241819015,\n      7.45872371908261e-05,\n      -0.0004282475990468361,\n      0.05797569389022951,\n      0.046817263418105465,\n      -4.983535285829621e-16,\n      1.0959115559483479e-15,\n      0.014590918147811053,\n      0.014704604161145909,\n      -0.0001651484497761104,\n      0.0005133492177875896,\n      -4.3756566597226865e-05,\n      0.00016519163269495656,\n      -0.001172551806092153,\n      0.05797569389022951,\n      -9.718656354860793e-05,\n      -0.00010790963157867166,\n      7.806255641895632e-18,\n      4.119968255444917e-17,\n      -0.0001767120781505939,\n      -0.0002374799279079799,\n      0.03967545732705985,\n      0.012088449948978897,\n      -0.00011863455207544466,\n      4.135696067602819e-05,\n      -0.027114798639563658,\n      0.046817263418105465,\n      -0.00010790963157867166,\n      -0.0006843764774246905,\n      -7.83336069620777e-18,\n      -2.0925101928970236e-16,\n      2.1992639713906226e-05,\n      0.0001466412315132132,\n      0.005296337089952181,\n      0.1265440734964197,\n      1.1709383462843448e-17,\n      4.5211230592645535e-17,\n      -3.4697180024967356e-16,\n      -4.983535285829621e-16,\n      7.806255641895632e-18,\n      -7.83336069620777e-18,\n      -5.162274023986569e-05,\n      3.446688892506304e-05,\n      2.5153490401663703e-17,\n      9.053088140253962e-18,\n      1.7255077575106803e-16,\n      -1.2170169386149787e-16,\n      4.90059381963448e-17,\n      -2.3012191111004832e-17,\n      -4.04570040662966e-16,\n      1.0959115559483479e-15,\n      4.119968255444917e-17,\n      -2.0925101928970236e-16,\n      3.446688892506304e-05,\n      -0.000783442338115618,\n      3.2742905609062234e-17,\n      4.840962700147777e-17,\n      -9.12356128146552e-17,\n      1.046688777317506e-15,\n      -0.00021519096331928987,\n      -9.611337539676412e-05,\n      -0.024414593399740808,\n      0.014590918147811053,\n      -0.0001767120781505939,\n      2.1992639713906226e-05,\n      2.5153490401663703e-17,\n      3.2742905609062234e-17,\n      5.680005379024881e-05,\n      -6.69533969814228e-05,\n      0.020782694443957625,\n      -0.011380057553584016,\n      5.918178770981681e-06,\n      -0.00023545046598160476,\n      0.013865967343039938,\n      0.014704604161145909,\n      -0.0002374799279079799,\n      0.0001466412315132132,\n      9.053088140253962e-18,\n      4.840962700147777e-17,\n      -6.69533969814228e-05,\n      -0.0010246542505206,\n      -0.009697602271169817,\n      0.05658844302973331,\n      -0.004261294567919536,\n      -0.01240607707527375,\n      0.000331928379988843,\n      -0.0001651484497761104,\n      0.03967545732705985,\n      0.005296337089952181,\n      1.7255077575106803e-16,\n      -9.12356128146552e-17,\n      0.020782694443957625,\n      -0.009697602271169817,\n      -0.00031969456451481915,\n      -7.866997614786346e-05,\n      0.04074407259109954,\n      0.032531205761308746,\n      5.918127027227028e-06,\n      0.0005133492177875896,\n      0.012088449948978897,\n      0.1265440734964197,\n      -1.2170169386149787e-16,\n      1.046688777317506e-15,\n      -0.011380057553584016,\n      0.05658844302973331,\n      -7.866997614786346e-05,\n      -0.00019538128442491733,\n      0.04955389919470421,\n      0.007029685871350987,\n      3.2006958277746656e-05,\n      -4.3756566597226865e-05,\n      0.01980091143226285,\n      0.020484049142110192,\n      3.054739620977909e-17,\n      5.023108665125342e-16,\n      0.00936857441088817,\n      -3.839374904817891e-05,\n      -7.56332186511422e-05,\n      2.515237781547733e-06,\n      0.007029685871350987,\n      -0.010968941565627641,\n      4.135696275959534e-05,\n      5.14584015893186e-05,\n      0.013851607811314106,\n      0.004548919648365706,\n      -1.356336917779366e-16,\n      5.4860629927766524e-17,\n      -0.01049643679426698,\n      0.0129954550456751,\n      -2.8160274438063476e-05,\n      3.7371157746505005e-05,\n      3.2006958277746656e-05,\n      4.135696275959534e-05,\n      -0.007537721168202543,\n      0.002776504989131154,\n      1.382640738748235e-05,\n      2.9046848627668916e-06,\n      -4.092863201132779e-18,\n      2.1955093992831465e-18,\n      -5.225252746181861e-05,\n      -2.37803127819768e-06,\n      0.0037316043393376963,\n      0.0011041603963609227,\n      -4.3756566597226865e-05,\n      5.14584015893186e-05,\n      0.002776504989131154,\n      0.06890009761518123,\n      2.8221801688138007e-05,\n      -3.2124171671709745e-05,\n      -4.065758146820642e-18,\n      1.691355389077387e-17,\n      -9.195295969454298e-05,\n      -5.803909711788271e-05,\n      0.004389346623877668,\n      0.01720860886246934,\n      0.01980091143226285,\n      0.013851607811314106,\n      1.382640738748235e-05,\n      2.8221801688138007e-05,\n      -0.01318169035925991,\n      -0.0033602228399412246,\n      -1.1270281582986819e-16,\n      1.1563016169557905e-16,\n      -0.004438797359759432,\n      0.00999146105741049,\n      -2.2560273970373055e-05,\n      -6.39333409764172e-05,\n      0.020484049142110192,\n      0.004548919648365706,\n      2.9046848627668916e-06,\n      -3.2124171671709745e-05,\n      -0.0033602228399412246,\n      0.047170908629572836,\n      -5.2258544713801314e-17,\n      -1.813870234568249e-16,\n      1.3331195311417103e-05,\n      0.0010417088289867203,\n      -5.244616027446421e-05,\n      -7.511337096907634e-05,\n      3.054739620977909e-17,\n      -1.356336917779366e-16,\n      -4.092863201132779e-18,\n      -4.065758146820642e-18,\n      -1.1270281582986819e-16,\n      -5.2258544713801314e-17,\n      -0.008614722434370304,\n      0.002978571801788752,\n      -1.6653345369377348e-16,\n      -4.312414141061094e-17,\n      -1.0842021724855044e-17,\n      -3.3610267347050637e-18,\n      5.023108665125342e-16,\n      5.4860629927766524e-17,\n      2.1955093992831465e-18,\n      1.691355389077387e-17,\n      1.1563016169557905e-16,\n      -1.813870234568249e-16,\n      0.002978571801788752,\n      0.05556632090453861,\n      1.6246769554695284e-16,\n      1.3335686721571705e-16,\n      1.3010426069826053e-18,\n      -8.023096076392733e-18,\n      0.00936857441088817,\n      -0.01049643679426698,\n      -5.225252746181861e-05,\n      -9.195295969454298e-05,\n      -0.004438797359759432,\n      1.3331195311417103e-05,\n      -1.6653345369377348e-16,\n      1.6246769554695284e-16,\n      -0.014082950280819104,\n      -0.0013355851867970496,\n      -9.039644649654072e-06,\n      -6.713357690950675e-05,\n      -3.839374904817891e-05,\n      0.0129954550456751,\n      -2.37803127819768e-06,\n      -5.803909711788271e-05,\n      0.00999146105741049,\n      0.0010417088289867203,\n      -4.312414141061094e-17,\n      1.3335686721571705e-16,\n      -0.0013355851867970496,\n      0.03239405718504998,\n      -4.988195820592302e-05,\n      4.2763122653203265e-05,\n      -7.56332186511422e-05,\n      -2.8160274438063476e-05,\n      0.0037316043393376963,\n      0.004389346623877668,\n      -2.2560273970373055e-05,\n      -5.244616027446421e-05,\n      -1.0842021724855044e-17,\n      1.3010426069826053e-18,\n      -9.039644649654072e-06,\n      -4.988195820592302e-05,\n      -0.018130648480213334,\n      -0.0010605911245417017,\n      2.515237781547733e-06,\n      3.7371157746505005e-05,\n      0.0011041603963609227,\n      0.01720860886246934,\n      -6.39333409764172e-05,\n      -7.511337096907634e-05,\n      -3.3610267347050637e-18,\n      -8.023096076392733e-18,\n      -6.713357690950675e-05,\n      4.2763122653203265e-05,\n      -0.0010605911245417017,\n      0.05518240463513144,\n      0.17298799169133855,\n      0.03812610733825872,\n      5.36632925159943e-06,\n      -0.00011863455207544466,\n      0.020484049142110192,\n      0.1384154764423071,\n      -3.426078865054194e-16,\n      3.469446951953614e-18,\n      -0.00537183184394378,\n      5.4590293988538135e-05,\n      -0.00017582979133450548,\n      -0.00018718764015204694,\n      0.03812610733825872,\n      0.06628173972048125,\n      0.0001651916322189433,\n      0.00014082341267884226,\n      -0.021832137819978018,\n      0.01385156836317278,\n      -7.379079985936343e-16,\n      -1.2923689896027213e-16,\n      -0.01676806924380236,\n      0.03350061899190393,\n      -3.7670501802848904e-05,\n      8.281993944424682e-05,\n      5.36632925159943e-06,\n      0.0001651916322189433,\n      0.06023815296337506,\n      -0.00015290329899029847,\n      6.628416837656638e-05,\n      -9.112888756950213e-06,\n      -3.252606517456513e-17,\n      -1.5720931501039814e-17,\n      -0.00012294014483062903,\n      1.3351611325537706e-05,\n      -0.030156658077284428,\n      0.0006441069392378068,\n      -0.00011863455207544466,\n      0.00014082341267884226,\n      -0.00015290329899029847,\n      0.17441647788796505,\n      -7.670119770152115e-06,\n      -0.0001533458269492357,\n      -1.3444106938820255e-17,\n      -1.6046192152785466e-16,\n      -0.00017570512053853137,\n      3.707950757121832e-05,\n      0.004483781211144872,\n      0.113743771864366,\n      0.020484049142110192,\n      -0.021832137819978018,\n      6.628416837656638e-05,\n      -7.670119770152115e-06,\n      0.06496254902717073,\n      0.020429290551937665,\n      2.522938455373769e-16,\n      -1.734723475976807e-16,\n      0.016648913632730522,\n      0.020499731875883075,\n      2.307456351018219e-05,\n      -7.077736565391053e-05,\n      0.1384154764423071,\n      0.01385156836317278,\n      -9.112888756950213e-06,\n      -0.0001533458269492357,\n      0.020429290551937665,\n      0.1969330564781307,\n      4.99708781298569e-16,\n      -5.898059818321144e-17,\n      0.023974349291379128,\n      0.011236551763002338,\n      -0.00017038257400919002,\n      -0.00017946538041150456,\n      -3.426078865054194e-16,\n      -7.379079985936343e-16,\n      -3.252606517456513e-17,\n      -1.3444106938820255e-17,\n      2.522938455373769e-16,\n      4.99708781298569e-16,\n      0.058290611992725984,\n      0.008361342081379482,\n      -1.0364972768961422e-16,\n      -5.473052566706826e-16,\n      -1.0538445116559103e-16,\n      -1.7184604433895245e-17,\n      3.469446951953614e-18,\n      -1.2923689896027213e-16,\n      -1.5720931501039814e-17,\n      -1.6046192152785466e-16,\n      -1.734723475976807e-16,\n      -5.898059818321144e-17,\n      0.008361342081379482,\n      0.15355616052612586,\n      5.583641188300348e-16,\n      4.614364446098307e-16,\n      -2.699663409488906e-17,\n      3.903127820947816e-17,\n      -0.00537183184394378,\n      -0.01676806924380236,\n      -0.00012294014483062903,\n      -0.00017570512053853137,\n      0.016648913632730522,\n      0.023974349291379128,\n      -1.0364972768961422e-16,\n      5.583641188300348e-16,\n      0.05212152355262737,\n      -0.010844819011424927,\n      1.329728312425343e-05,\n      -0.0001726718278056861,\n      5.4590293988538135e-05,\n      0.03350061899190393,\n      1.3351611325537706e-05,\n      3.707950757121832e-05,\n      0.020499731875883075,\n      0.011236551763002338,\n      -5.473052566706826e-16,\n      4.614364446098307e-16,\n      -0.010844819011424927,\n      0.14820294021836858,\n      -6.131802764939502e-05,\n      0.00011852692573196232,\n      -0.00017582979133450548,\n      -3.7670501802848904e-05,\n      -0.030156658077284428,\n      0.004483781211144872,\n      2.307456351018219e-05,\n      -0.00017038257400919002,\n      -1.0538445116559103e-16,\n      -2.699663409488906e-17,\n      1.329728312425343e-05,\n      -6.131802764939502e-05,\n      0.057286231162197485,\n      -0.0009570527410766672,\n      -0.00018718764015204694,\n      8.281993944424682e-05,\n      0.0006441069392378068,\n      0.113743771864366,\n      -7.077736565391053e-05,\n      -0.00017946538041150456,\n      -1.7184604433895245e-17,\n      3.903127820947816e-17,\n      -0.0001726718278056861,\n      0.00011852692573196232,\n      -0.0009570527410766672,\n      0.16003386959673857,\n      -8.550018332220688e-16,\n      -3.5410042953376575e-16,\n      1.1384122811097797e-17,\n      1.1709383462843448e-17,\n      3.054739620977909e-17,\n      -3.426078865054194e-16,\n      0.006582069133421406,\n      0.006280531470547921,\n      2.8250242856825425e-16,\n      -3.5670251474773096e-16,\n      -2.3635607360183997e-17,\n      3.903127820947816e-18,\n      -3.5410042953376575e-16,\n      -1.5566974792546873e-15,\n      2.42861286636753e-17,\n      -8.673617379884035e-19,\n      6.314393452555578e-16,\n      1.1568437180420332e-16,\n      0.009860973398282066,\n      0.0057254021936526045,\n      -3.012997837337217e-16,\n      -1.1413938370841148e-16,\n      -6.440160904563896e-17,\n      8.538092108323347e-19,\n      1.1384122811097797e-17,\n      2.42861286636753e-17,\n      -1.6137265135274248e-15,\n      -9.703609443745265e-17,\n      -5.637851296924623e-18,\n      -1.1709383462843448e-17,\n      -1.0325440958513675e-05,\n      -4.367773917008177e-06,\n      -8.998878031629687e-18,\n      2.032879073410321e-18,\n      4.776994771971133e-16,\n      -5.339695699491109e-18,\n      1.1709383462843448e-17,\n      -8.673617379884035e-19,\n      -9.703609443745265e-17,\n      -1.0286910212542466e-15,\n      6.396792817664476e-18,\n      -7.806255641895632e-18,\n      3.864641641675192e-06,\n      1.6228904609139408e-05,\n      1.0842021724855044e-18,\n      6.830473686658678e-18,\n      4.879926215721475e-17,\n      -4.373671563806525e-16,\n      3.054739620977909e-17,\n      6.314393452555578e-16,\n      -5.637851296924623e-18,\n      6.396792817664476e-18,\n      -1.5209188075626656e-15,\n      -1.4051260155412137e-16,\n      -0.005910629948169567,\n      0.0031061123858173844,\n      -1.1622647289044608e-16,\n      -7.070353417321096e-17,\n      2.949029909160572e-17,\n      -6.674619624363887e-19,\n      -3.426078865054194e-16,\n      1.1568437180420332e-16,\n      -1.1709383462843448e-17,\n      -7.806255641895632e-18,\n      -1.4051260155412137e-16,\n      -7.730361489821647e-16,\n      -0.004505711935467189,\n      0.0016478515146430939,\n      -1.5819864949279117e-16,\n      -2.275740360047074e-16,\n      9.540979117872439e-18,\n      6.993104012531504e-18,\n      0.006582069133421406,\n      0.009860973398282066,\n      -1.0325440958513675e-05,\n      3.864641641675192e-06,\n      -0.005910629948169567,\n      -0.004505711935467189,\n      -1.7554317374712802e-15,\n      -2.425902360936316e-16,\n      -0.009296655796456499,\n      0.0025514859330569594,\n      -1.4513924081900912e-05,\n      -2.720987288582048e-05,\n      0.006280531470547921,\n      0.0057254021936526045,\n      -4.367773917008177e-06,\n      1.6228904609139408e-05,\n      0.0031061123858173844,\n      0.0016478515146430939,\n      -2.425902360936316e-16,\n      -8.762521958027847e-16,\n      -0.002844547941105667,\n      0.007488235948123036,\n      -1.5433190973003547e-05,\n      -4.291233145875398e-06,\n      2.8250242856825425e-16,\n      -3.012997837337217e-16,\n      -8.998878031629687e-18,\n      1.0842021724855044e-18,\n      -1.1622647289044608e-16,\n      -1.5819864949279117e-16,\n      -0.009296655796456499,\n      -0.002844547941105667,\n      -1.1761425167122752e-15,\n      1.4013313079375145e-16,\n      2.8189256484623115e-17,\n      -4.472333961502706e-18,\n      -3.5670251474773096e-16,\n      -1.1413938370841148e-16,\n      2.032879073410321e-18,\n      6.830473686658678e-18,\n      -7.070353417321096e-17,\n      -2.275740360047074e-16,\n      0.0025514859330569594,\n      0.007488235948123036,\n      1.4013313079375145e-16,\n      -5.536207343254107e-16,\n      -6.491660507756958e-18,\n      5.014435047745458e-18,\n      -2.3635607360183997e-17,\n      -6.440160904563896e-17,\n      4.776994771971133e-16,\n      4.879926215721475e-17,\n      2.949029909160572e-17,\n      9.540979117872439e-18,\n      -1.4513924081900912e-05,\n      -1.5433190973003547e-05,\n      2.8189256484623115e-17,\n      -6.491660507756958e-18,\n      -1.4891516839088403e-15,\n      7.499968528168477e-17,\n      3.903127820947816e-18,\n      8.538092108323347e-19,\n      -5.339695699491109e-18,\n      -4.373671563806525e-16,\n      -6.674619624363887e-19,\n      6.993104012531504e-18,\n      -2.720987288582048e-05,\n      -4.291233145875398e-06,\n      -4.472333961502706e-18,\n      5.014435047745458e-18,\n      7.499968528168477e-17,\n      -7.84528692010511e-16,\n      2.626371342628886e-15,\n      4.423544863740858e-16,\n      1.0516761073109393e-17,\n      4.90059381963448e-17,\n      5.023108665125342e-16,\n      3.469446951953614e-18,\n      0.006280531470547921,\n      0.1180792214143668,\n      1.2473745994445729e-16,\n      5.6107462426124854e-18,\n      -3.3393426912553537e-17,\n      5.7462715141731735e-18,\n      4.423544863740858e-16,\n      1.0178489995293916e-15,\n      3.0249240612345574e-17,\n      -1.2576745200831851e-17,\n      4.119968255444917e-17,\n      -4.868067754459915e-17,\n      0.03885068206768352,\n      0.009860993197133862,\n      -8.179221189230645e-16,\n      4.945046108706386e-16,\n      -6.852157730108388e-17,\n      4.716279450311944e-18,\n      1.0516761073109393e-17,\n      3.0249240612345574e-17,\n      1.0332446703786857e-15,\n      -2.11148373091552e-17,\n      1.0842021724855044e-18,\n      -5.963111948670274e-19,\n      4.673843544372226e-06,\n      -6.017597579556456e-06,\n      1.235990476633475e-17,\n      4.9060148304969076e-18,\n      -3.3203691532368573e-16,\n      -5.177065373618284e-18,\n      4.90059381963448e-17,\n      -1.2576745200831851e-17,\n      -2.11148373091552e-17,\n      2.7668839441830073e-15,\n      3.5344990823027445e-17,\n      -1.6393136847980827e-16,\n      3.797938492694947e-05,\n      -0.00022252255508078533,\n      1.973247953923618e-17,\n      3.65376132127615e-17,\n      8.928404890418129e-17,\n      9.948639134726989e-16,\n      5.023108665125342e-16,\n      4.119968255444917e-17,\n      1.0842021724855044e-18,\n      3.5344990823027445e-17,\n      1.2082349010178461e-15,\n      -4.2847669856627135e-16,\n      0.0020751974726993163,\n      0.03085496148574125,\n      2.211772431870429e-16,\n      5.63134608388971e-16,\n      7.45931094670027e-17,\n      -1.85940672581264e-17,\n      3.469446951953614e-18,\n      -4.868067754459915e-17,\n      -5.963111948670274e-19,\n      -1.6393136847980827e-16,\n      -4.2847669856627135e-16,\n      2.321060010856968e-15,\n      -0.010900115994323584,\n      0.01924281216800056,\n      5.850897023818025e-16,\n      4.2392304944183223e-16,\n      -4.662069341687669e-18,\n      2.47198095326695e-17,\n      0.006280531470547921,\n      0.03885068206768352,\n      4.673843544372226e-06,\n      3.797938492694947e-05,\n      0.0020751974726993163,\n      -0.010900115994323584,\n      4.948298715223842e-16,\n      -4.535217687506865e-16,\n      -0.012001788594033141,\n      0.011084058935951597,\n      -4.931153412248416e-05,\n      -5.575450272643529e-05,\n      0.1180792214143668,\n      0.009860993197133862,\n      -6.017597579556456e-06,\n      -0.00022252255508078533,\n      0.03085496148574125,\n      0.01924281216800056,\n      -4.535217687506865e-16,\n      3.2534738791945017e-15,\n      0.0092206033604048,\n      -0.011326207746898763,\n      -0.00017895733134751327,\n      -0.00015520406566181533,\n      1.2473745994445729e-16,\n      -8.179221189230645e-16,\n      1.235990476633475e-17,\n      1.973247953923618e-17,\n      2.211772431870429e-16,\n      5.850897023818025e-16,\n      -0.012001788594033141,\n      0.0092206033604048,\n      1.3170887991353908e-15,\n      -4.7366082410460475e-16,\n      7.936359902593892e-17,\n      -3.0357660829594124e-17,\n      5.6107462426124854e-18,\n      4.945046108706386e-16,\n      4.9060148304969076e-18,\n      3.65376132127615e-17,\n      5.63134608388971e-16,\n      4.2392304944183223e-16,\n      0.011084058935951597,\n      -0.011326207746898763,\n      -4.7366082410460475e-16,\n      2.0927270333315207e-15,\n      -4.098284211995207e-17,\n      -7.068998164605489e-17,\n      -3.3393426912553537e-17,\n      -6.852157730108388e-17,\n      -3.3203691532368573e-16,\n      8.928404890418129e-17,\n      7.45931094670027e-17,\n      -4.662069341687669e-18,\n      -4.931153412248416e-05,\n      -0.00017895733134751327,\n      7.936359902593892e-17,\n      -4.098284211995207e-17,\n      9.922618282587337e-16,\n      -1.1926223897340549e-18,\n      5.7462715141731735e-18,\n      4.716279450311944e-18,\n      -5.177065373618284e-18,\n      9.948639134726989e-16,\n      -1.85940672581264e-17,\n      2.47198095326695e-17,\n      -5.575450272643529e-05,\n      -0.00015520406566181533,\n      -3.0357660829594124e-17,\n      -7.068998164605489e-17,\n      -1.1926223897340549e-18,\n      2.39044894989604e-15,\n      -0.011887781235905504,\n      -0.015803840450646884,\n      2.3541113112941713e-05,\n      -0.00021519096331928987,\n      0.00936857441088817,\n      -0.00537183184394378,\n      2.8250242856825425e-16,\n      1.2473745994445729e-16,\n      0.02661394725632648,\n      -0.02461905445120792,\n      7.4091151953217566e-06,\n      -7.025952043371872e-05,\n      -0.015803840450646884,\n      -0.08308422036431823,\n      -0.00023545046469662493,\n      -4.8140008281436365e-05,\n      0.03350061898531589,\n      0.0