{
  "schema": "schema-madresults",
  "kwargs": {},
  "geometry": "../mol.json",
  "n_pno": 2,
  "mol": "{\n  \"one_body_integrals\": {\n    \"shape\": [\n      4,\n      4\n    ],\n    \"data\": [\n      -2.145497563625318,\n      0.5198723908115386,\n      2.4565275037876337e-05,\n      -7.302685121680013e-05,\n      0.5198723908115386,\n      -2.1454975636130986,\n      7.302685121567733e-05,\n      -2.45652750361944e-05,\n      2.4565275037876337e-05,\n      7.302685121567733e-05,\n      -1.3629017646924875,\n      0.41207738514271464,\n      -7.302685121680013e-05,\n      -2.45652750361944e-05,\n      0.41207738514271464,\n      -1.3629017646958923\n    ]\n  },\n  \"two_body_integrals\": {\n    \"shape\": [\n      4,\n      4,\n      4,\n      4\n    ],\n    \"data\": [\n      0.6378304223531186,\n      -0.06849807074612102,\n      -2.7172268860127524e-06,\n      5.669463333956952e-05,\n      -0.06849807074612102,\n      0.438848107364009,\n      -5.848820084380316e-06,\n      1.7718039941293662e-05,\n      -2.7172268860127524e-06,\n      -5.848820084380316e-06,\n      0.4466486404176335,\n      -0.014470702991454901,\n      5.669463333956952e-05,\n      1.7718039941293662e-05,\n      -0.014470702991454901,\n      0.67340210100451,\n      -0.06849807074612102,\n      0.03345480806051262,\n      4.945801715145999e-06,\n      1.4518532742095053e-07,\n      0.03345480806051262,\n      -0.06849778120801159,\n      -1.4518532647617675e-07,\n      -4.945801714931761e-06,\n      4.945801715145999e-06,\n      -1.4518532647617675e-07,\n      -0.0760016267070945,\n      0.0129431495716065,\n      1.4518532742095053e-07,\n      -4.945801714931761e-06,\n      0.0129431495716065,\n      -0.07600162670496347,\n      -2.7172268860127524e-06,\n      4.945801715145999e-06,\n      0.01006725723624674,\n      -0.010735417909375997,\n      4.945801715145999e-06,\n      -1.7718039940346558e-05,\n      -0.022985645528480272,\n      0.008106099763578992,\n      0.01006725723624674,\n      -0.022985645528480272,\n      -2.685590173993435e-05,\n      2.5887387402994387e-06,\n      -0.010735417909375997,\n      0.008106099763578992,\n      2.5887387402994387e-06,\n      1.6270974622387222e-07,\n      5.669463333956952e-05,\n      1.4518532742095053e-07,\n      -0.010735417909375997,\n      0.17518221432070027,\n      1.4518532742095053e-07,\n      5.848820084228094e-06,\n      0.05940282035593629,\n      -0.022986470966494293,\n      -0.010735417909375997,\n      0.05940282035593629,\n      1.8937592929421827e-05,\n      5.605159180460586e-06,\n      0.17518221432070027,\n      -0.022986470966494293,\n      5.605159180460586e-06,\n      4.804400028995265e-05,\n      -0.06849807074612102,\n      0.03345480806051262,\n      4.945801715145999e-06,\n      1.4518532742095053e-07,\n      0.03345480806051262,\n      -0.06849778120801159,\n      -1.4518532647617675e-07,\n      -4.945801714931761e-06,\n      4.945801715145999e-06,\n      -1.4518532647617675e-07,\n      -0.0760016267070945,\n      0.0129431495716065,\n      1.4518532742095053e-07,\n      -4.945801714931761e-06,\n      0.0129431495716065,\n      -0.07600162670496347,\n      0.438848107364009,\n      -0.06849778120801159,\n      -1.7718039940346558e-05,\n      5.848820084228094e-06,\n      -0.06849778120801159,\n      0.6378304223499016,\n      -5.669463334002922e-05,\n      2.7172268855625917e-06,\n      -1.7718039940346558e-05,\n      -5.669463334002922e-05,\n      0.6734021010019388,\n      -0.014470702991769597,\n      5.848820084228094e-06,\n      2.7172268855625917e-06,\n      -0.014470702991769597,\n      0.4466486404169503,\n      -5.848820084380316e-06,\n      -1.4518532647617675e-07,\n      -0.022985645528480272,\n      0.05940282035593629,\n      -1.4518532647617675e-07,\n      -5.669463334002922e-05,\n      0.17518221431988293,\n      -0.010735270434913662,\n      -0.022985645528480272,\n      0.17518221431988293,\n      -4.8044000290766234e-05,\n      -5.605159180926576e-06,\n      0.05940282035593629,\n      -0.010735270434913662,\n      -5.605159180926576e-06,\n      -1.8937649045086893e-05,\n      1.7718039941293662e-05,\n      -4.945801714931761e-06,\n      0.008106099763578992,\n      -0.022986470966494293,\n      -4.945801714931761e-06,\n      2.7172268855625917e-06,\n      -0.010735270434913662,\n      0.010067257235924717,\n      0.008106099763578992,\n      -0.010735270434913662,\n      -1.6338508206613367e-07,\n      -2.588738740041995e-06,\n      -0.022986470966494293,\n      0.010067257235924717,\n      -2.588738740041995e-06,\n      2.6855901740911216e-05,\n      -2.7172268860127524e-06,\n      4.945801715145999e-06,\n      0.01006725723624674,\n      -0.010735417909375997,\n      4.945801715145999e-06,\n      -1.7718039940346558e-05,\n      -0.022985645528480272,\n      0.008106099763578992,\n      0.01006725723624674,\n      -0.022985645528480272,\n      -2.685590173993435e-05,\n      2.5887387402994387e-06,\n      -0.010735417909375997,\n      0.008106099763578992,\n      2.5887387402994387e-06,\n      1.6270974622387222e-07,\n      -5.848820084380316e-06,\n      -1.4518532647617675e-07,\n      -0.022985645528480272,\n      0.05940282035593629,\n      -1.4518532647617675e-07,\n      -5.669463334002922e-05,\n      0.17518221431988293,\n      -0.010735270434913662,\n      -0.022985645528480272,\n      0.17518221431988293,\n      -4.8044000290766234e-05,\n      -5.605159180926576e-06,\n      0.05940282035593629,\n      -0.010735270434913662,\n      -5.605159180926576e-06,\n      -1.8937649045086893e-05,\n      0.4466486404176335,\n      -0.0760016267070945,\n      -2.685590173993435e-05,\n      1.8937592929421827e-05,\n      -0.0760016267070945,\n      0.6734021010019388,\n      -4.8044000290766234e-05,\n      -1.6338508206613367e-07,\n      -2.685590173993435e-05,\n      -4.8044000290766234e-05,\n      0.7753548609640679,\n      -0.018052562366058615,\n      1.8937592929421827e-05,\n      -1.6338508206613367e-07,\n      -0.018052562366058615,\n      0.46674903178284427,\n      -0.014470702991454901,\n      0.0129431495716065,\n      2.5887387402994387e-06,\n      5.605159180460586e-06,\n      0.0129431495716065,\n      -0.014470702991769597,\n      -5.605159180926576e-06,\n      -2.588738740041995e-06,\n      2.5887387402994387e-06,\n      -5.605159180926576e-06,\n      -0.018052562366058615,\n      0.009193417503152118,\n      5.605159180460586e-06,\n      -2.588738740041995e-06,\n      0.009193417503152118,\n      -0.018052965482045102,\n      5.669463333956952e-05,\n      1.4518532742095053e-07,\n      -0.010735417909375997,\n      0.17518221432070027,\n      1.4518532742095053e-07,\n      5.848820084228094e-06,\n      0.05940282035593629,\n      -0.022986470966494293,\n      -0.010735417909375997,\n      0.05940282035593629,\n      1.8937592929421827e-05,\n      5.605159180460586e-06,\n      0.17518221432070027,\n      -0.022986470966494293,\n      5.605159180460586e-06,\n      4.804400028995265e-05,\n      1.7718039941293662e-05,\n      -4.945801714931761e-06,\n      0.008106099763578992,\n      -0.022986470966494293,\n      -4.945801714931761e-06,\n      2.7172268855625917e-06,\n      -0.010735270434913662,\n      0.010067257235924717,\n      0.008106099763578992,\n      -0.010735270434913662,\n      -1.6338508206613367e-07,\n      -2.588738740041995e-06,\n      -0.022986470966494293,\n      0.010067257235924717,\n      -2.588738740041995e-06,\n      2.6855901740911216e-05,\n      -0.014470702991454901,\n      0.0129431495716065,\n      2.5887387402994387e-06,\n      5.605159180460586e-06,\n      0.0129431495716065,\n      -0.014470702991769597,\n      -5.605159180926576e-06,\n      -2.588738740041995e-06,\n      2.5887387402994387e-06,\n      -5.605159180926576e-06,\n      -0.018052562366058615,\n      0.009193417503152118,\n      5.605159180460586e-06,\n      -2.588738740041995e-06,\n      0.009193417503152118,\n      -0.018052965482045102,\n      0.67340210100451,\n      -0.07600162670496347,\n      1.6270974622387222e-07,\n      4.804400028995265e-05,\n      -0.07600162670496347,\n      0.4466486404169503,\n      -1.8937649045086893e-05,\n      2.6855901740911216e-05,\n      1.6270974622387222e-07,\n      -1.8937649045086893e-05,\n      0.46674903178284427,\n      -0.018052965482045102,\n      4.804400028995265e-05,\n      2.6855901740911216e-05,\n      -0.018052965482045102,\n      0.7753548609659917\n    ]\n  },\n  \"nuclear_repulsion\": 3.8201,\n  \"orbital_data\": {\n    \"pairinfo\": \"0,1,1.1,0.0\",\n    \"occinfo\": \"-0.663403,-0.663403,0.0103053,0.0103053\"\n  },\n  \"name\": \"h4\",\n  \"parameters\": {\n    \"basis_set\": \"madness\",\n    \"geometry\": \"H 0 0 0\\nH 0 0 0.75\\nH 0.75 0 0.0\\nH 0.75 0 0.75\\n\",\n    \"description\": \"\",\n    \"multiplicity\": 1,\n    \"charge\": 0,\n    \"name\": \"h4\"\n  }\n}"
}