MADNESS MRA-PNO INFORMATION
pairinfo=0,1,1.1,0.0,1.1,0.0,1.1,0.0
nuclear_repulsion=3.8201
occinfo=-0.663443,-0.663443,0.0102973,0.0102973,0.00347073,0.00347073,0.00226429,0.00226429
