pairinfo=0,1,2,3,4,2.2,1.1,3.3,4.4,4.4,3.3,2.2,1.1,2.2,1.1,4.4,3.3,4.4,3.3,2.2,1.1,0.0,2.2,1.1,1.1,2.2,3.3,4.4,3.3,4.4,0.0,0.0,0.0,0.0,0.0
nuclear_repulsion=9.20555
occinfo=-20.4326,-0.921812,-0.921812,-0.72752,-0.72752,0.00749776,0.00749776,0.00471304,0.00471304,0.00153108,0.00153108,0.00140382,0.00140382,0.00104261,0.00104261,0.00102322,0.00102322,0.000938069,0.000938069,0.000744316,0.000744316,0.000219441,0.000209555,0.000209555,0.000168749,0.000168749,0.000136076,0.000136076,0.000135122,0.000135122,0.000135023,0.000132327,0.000119032,4.85017e-06,4.84429e-06