pairinfo=0,1,2,3,4,2.2,1.1,4.4,3.3,3.3,4.4,2.2,1.1
nuclear_repulsion=9.20555
occinfo=-20.4326,-0.921812,-0.921812,-0.727521,-0.727521,0.00728984,0.00728984,0.00440964,0.00440964,0.00148378,0.00148378,0.00140311,0.00140311