MADNESS MRA-PNO INFORMATION
pairinfo=1,2,3,4,2.2,1.1,4.4,3.3,4.4,3.3,2.2,1.1,2.2,1.1,3.3,4.4,4.4,3.3,2.2,1.1
nuclear_repulsion=9.20555
occinfo=-0.921812,-0.921812,-0.727521,-0.727521,0.0072947,0.0072947,0.00441766,0.00441766,0.0014833,0.0014833,0.00140692,0.00140692,0.00102437,0.00102437,0.00102321,0.00102321,0.000943779,0.000943779,0.000747365,0.000747365
