{
  "schema": "schema-madresults",
  "kwargs": {
    "name": "h2o",
    "frozen_core": true
  },
  "geometry": "mol.json",
  "n_pno": 12,
  "mol": "{\n  \"one_body_integrals\": {\n    \"shape\": [\n      16,\n      16\n    ],\n    \"data\": [\n      -5.2412899502889205,\n      -0.258546151570309,\n      -0.2430471119864933,\n      -0.24304710060707968,\n      0.04394648557938294,\n      0.9735713244364288,\n      0.06596877366774435,\n      0.06596877273102815,\n      0.2261221568277339,\n      0.22612216667991653,\n      0.06650941735956818,\n      0.39193065658026227,\n      0.14486950539618076,\n      0.013150430170519093,\n      -0.028523097926247486,\n      -0.028523087092057413,\n      -0.258546151570309,\n      -5.241289821519031,\n      -0.24304703981961157,\n      -0.24304703865063093,\n      0.9735713776414133,\n      0.043946401436303906,\n      0.06596876748504096,\n      0.06596876911902103,\n      -0.22612215182130913,\n      -0.22612214366052671,\n      -0.39193069932740854,\n      -0.06650943298942552,\n      0.013150501028363359,\n      0.1448695222935944,\n      -0.02852308403814112,\n      -0.028523089893139654,\n      -0.2430471119864933,\n      -0.24304703981961157,\n      -5.206210282130572,\n      -0.20880774278264103,\n      -0.027310862670740427,\n      -0.027310891475640586,\n      0.06957446003676035,\n      -1.085425089780898,\n      -1.745944730837442e-08,\n      3.7350064633896556e-08,\n      0.04802799960110721,\n      -0.04802802192892741,\n      -0.04626118567850768,\n      -0.046261179145612216,\n      0.010546856820951373,\n      -0.2875814972951563,\n      -0.24304710060707968,\n      -0.24304703865063093,\n      -0.20880774278264103,\n      -5.206210276971362,\n      -0.027310865789415606,\n      -0.027310889981508213,\n      -1.085425088432614,\n      0.0695744588513323,\n      1.9269476654831634e-08,\n      -2.0225777503561984e-08,\n      0.0480279909159429,\n      -0.0480280250368061,\n      -0.04626118075561625,\n      -0.04626118276789083,\n      -0.2875814897957852,\n      0.010546854978544861,\n      0.04394648557938294,\n      0.9735713776414133,\n      -0.027310862670740427,\n      -0.027310865789415606,\n      -3.5903983705564553,\n      -0.3931583703103285,\n      -0.03992337005363221,\n      -0.03992334967495903,\n      0.6239806095757814,\n      0.6239805644308435,\n      0.13130640211180933,\n      0.13913892340588124,\n      0.07608798101489025,\n      -0.24269289965607152,\n      -0.04349121013432923,\n      -0.043491213870486774,\n      0.9735713244364288,\n      0.043946401436303906,\n      -0.027310891475640586,\n      -0.027310889981508213,\n      -0.3931583703103285,\n      -3.590398319647381,\n      -0.03992342543761304,\n      -0.039923436795178846,\n      -0.6239806011306661,\n      -0.6239806283367947,\n      -0.1391389779642696,\n      -0.13130633927789942,\n      -0.24269293630583358,\n      0.07608801092597692,\n      -0.04349117406892726,\n      -0.04349119222742396,\n      0.06596877366774435,\n      0.06596876748504096,\n      0.06957446003676035,\n      -1.085425088432614,\n      -0.03992337005363221,\n      -0.03992342543761304,\n      -3.237136519541751,\n      0.17190543191729926,\n      1.6821061946765622e-08,\n      -1.5688024616248956e-08,\n      0.07945685935560677,\n      -0.07945683946950716,\n      0.060456350243543025,\n      0.060456371035898,\n      -0.28291200911903125,\n      -0.11329887502143578,\n      0.06596877273102815,\n      0.06596876911902103,\n      -1.085425089780898,\n      0.0695744588513323,\n      -0.03992334967495903,\n      -0.039923436795178846,\n      0.17190543191729926,\n      -3.237136521197213,\n      -1.1501092301885885e-08,\n      3.0015737065552245e-08,\n      0.07945686995730517,\n      -0.07945682732438944,\n      0.060456355695105546,\n      0.060456364079246,\n      -0.11329884489962991,\n      -0.2829120069688743,\n      0.2261221568277339,\n      -0.22612215182130913,\n      -1.745944730837442e-08,\n      1.9269476654831634e-08,\n      0.6239806095757814,\n      -0.6239806011306661,\n      1.6821061946765622e-08,\n      -1.1501092301885885e-08,\n      -2.2143378012110952,\n      0.287308817563222,\n      0.3164008233851696,\n      0.31640094281945574,\n      -0.20884629864235374,\n      0.20884627664818461,\n      -1.8839397863491868e-08,\n      -2.922399461389568e-08,\n      0.22612216667991653,\n      -0.22612214366052671,\n      3.7350064633896556e-08,\n      -2.0225777503561984e-08,\n      0.6239805644308435,\n      -0.6239806283367947,\n      -1.5688024616248956e-08,\n      3.0015737065552245e-08,\n      0.287308817563222,\n      -2.214337805558166,\n      0.3164008607718276,\n      0.31640088483548545,\n      -0.2088463064979577,\n      0.20884630308525134,\n      -5.6193457733571053e-08,\n      -6.475457161854523e-09,\n      0.06650941735956818,\n      -0.39193069932740854,\n      0.04802799960110721,\n      0.0480279909159429,\n      0.13130640211180933,\n      -0.1391389779642696,\n      0.07945685935560677,\n      0.07945686995730517,\n      0.3164008233851696,\n      0.3164008607718276,\n      -2.1164196572200744,\n      -0.158518168630305,\n      0.10641315654014336,\n      -0.2606751344721855,\n      -0.33162330164633963,\n      -0.3316233048369392,\n      0.39193065658026227,\n      -0.06650943298942552,\n      -0.04802802192892741,\n      -0.0480280250368061,\n      0.13913892340588124,\n      -0.13130633927789942,\n      -0.07945683946950716,\n      -0.07945682732438944,\n      0.31640094281945574,\n      0.31640088483548545,\n      -0.158518168630305,\n      -2.1164195998349715,\n      0.26067512657165454,\n      -0.10641317039250409,\n      0.3316232094045885,\n      0.331623242573074,\n      0.14486950539618076,\n      0.013150501028363359,\n      -0.04626118567850768,\n      -0.04626118075561625,\n      0.07608798101489025,\n      -0.24269293630583358,\n      0.060456350243543025,\n      0.060456355695105546,\n      -0.20884629864235374,\n      -0.2088463064979577,\n      0.10641315654014336,\n      0.26067512657165454,\n      -2.1120069415412415,\n      -0.6686545817337106,\n      -0.11362381365626209,\n      -0.11362383599087104,\n      0.013150430170519093,\n      0.1448695222935944,\n      -0.046261179145612216,\n      -0.04626118276789083,\n      -0.24269289965607152,\n      0.07608801092597692,\n      0.060456371035898,\n      0.060456364079246,\n      0.20884627664818461,\n      0.20884630308525134,\n      -0.2606751344721855,\n      -0.10641317039250409,\n      -0.6686545817337106,\n      -2.1120068792169184,\n      -0.11362388126184259,\n      -0.1136238115695488,\n      -0.028523097926247486,\n      -0.02852308403814112,\n      0.010546856820951373,\n      -0.2875814897957852,\n      -0.04349121013432923,\n      -0.04349117406892726,\n      -0.28291200911903125,\n      -0.11329884489962991,\n      -1.8839397863491868e-08,\n      -5.6193457733571053e-08,\n      -0.33162330164633963,\n      0.3316232094045885,\n      -0.11362381365626209,\n      -0.11362388126184259,\n      -2.163337487670046,\n      0.3683657947379127,\n      -0.028523087092057413,\n      -0.028523089893139654,\n      -0.2875814972951563,\n      0.010546854978544861,\n      -0.043491213870486774,\n      -0.04349119222742396,\n      -0.11329887502143578,\n      -0.2829120069688743,\n      -2.922399461389568e-08,\n      -6.475457161854523e-09,\n      -0.3316233048369392,\n      0.331623242573074,\n      -0.11362383599087104,\n      -0.1136238115695488,\n      0.3683657947379127,\n      -2.1633374819169493\n    ]\n  },\n  \"two_body_integrals\": {\n    \"shape\": [\n      16,\n      16,\n      16,\n      16\n    ],\n    \"data\": [\n      0.8409362459807382,\n      0.035201157703871035,\n      0.03841369561646643,\n      0.03841369590109045,\n      0.008281661143205308,\n      -0.11845563360000994,\n      -0.016845697952444314,\n      -0.01684569725152248,\n      0.00618215067136981,\n      0.006182149303841049,\n      -0.024675203276033602,\n      -0.1869192300847624,\n      0.015226416441795577,\n      -0.0004433854283032359,\n      0.02653111144220409,\n      0.026531112686078932,\n      0.035201157703871035,\n      0.5741585850103695,\n      -0.011863849585952078,\n      -0.01186384862252311,\n      -0.13299882342229835,\n      -0.024502930214312303,\n      -0.006249852683174303,\n      -0.006249852785005953,\n      0.02752017944597938,\n      0.02752017988566847,\n      0.02559625913312481,\n      0.011004357228467867,\n      -0.04576528739797732,\n      -0.08334400467845525,\n      -0.005522961294108362,\n      -0.0055229611550673165,\n      0.03841369561646643,\n      -0.011863849585952078,\n      0.6139001786180808,\n      -0.02381766576930413,\n      0.005382132127751529,\n      -0.02186948521739191,\n      -0.008523616025521413,\n      0.12966278417832725,\n      0.018466656827517743,\n      -0.059054327730285655,\n      0.0001339672581677654,\n      0.013691628558190744,\n      0.00862740652825502,\n      0.04174909914062136,\n      -0.023397862148632972,\n      0.06755885543840592,\n      0.03841369590109045,\n      -0.01186384862252311,\n      -0.02381766576930413,\n      0.6139001781682996,\n      0.005382133527963649,\n      -0.021869484619071962,\n      0.12966278465618247,\n      -0.008523616073203222,\n      -0.05905432351633206,\n      0.01846665735043746,\n      0.0001339674203987085,\n      0.013691628826299918,\n      0.008627406100020238,\n      0.04174910132359694,\n      0.06755885788926959,\n      -0.023397861117216086,\n      0.008281661143205308,\n      -0.13299882342229835,\n      0.005382132127751529,\n      0.005382133527963649,\n      0.5991758885650563,\n      -0.0315723903999071,\n      0.01596098791214592,\n      0.01596098629184411,\n      0.02301057804259417,\n      0.023010587286273986,\n      0.009243663009213397,\n      -0.007508837321011822,\n      0.014290810014222145,\n      -0.02646183427987621,\n      0.011101266904855325,\n      0.011101268299715427,\n      -0.11845563360000994,\n      -0.024502930214312303,\n      -0.02186948521739191,\n      -0.021869484619071962,\n      -0.0315723903999071,\n      0.8894053646575263,\n      0.00910591032651129,\n      0.009105911809858223,\n      -0.008597697673953547,\n      -0.00859769253083031,\n      0.029885185832341288,\n      -0.03912027706219595,\n      -0.0057330486503907535,\n      0.004321493393442642,\n      -0.025375392792998136,\n      -0.02537539250240812,\n      -0.016845697952444314,\n      -0.006249852683174303,\n      -0.008523616025521413,\n      0.12966278465618247,\n      0.01596098791214592,\n      0.00910591032651129,\n      0.5593931783789929,\n      -0.028028736963368727,\n      -0.012150119314421493,\n      -0.003477781684384721,\n      -0.00847395223103685,\n      -0.0030207240617392906,\n      -0.007393790720852446,\n      -0.022918650323825847,\n      0.029176420954856452,\n      -0.00135733292310293,\n      -0.01684569725152248,\n      -0.006249852785005953,\n      0.12966278417832725,\n      -0.008523616073203222,\n      0.01596098629184411,\n      0.009105911809858223,\n      -0.028028736963368727,\n      0.5593931789238556,\n      -0.003477782963198844,\n      -0.012150120399089082,\n      -0.008473955367248714,\n      -0.003020727484087417,\n      -0.007393791799017604,\n      -0.022918649188873035,\n      -0.001357334304201554,\n      0.02917642034488213,\n      0.00618215067136981,\n      0.02752017944597938,\n      0.018466656827517743,\n      -0.05905432351633206,\n      0.02301057804259417,\n      -0.008597697673953547,\n      -0.012150119314421493,\n      -0.003477782963198844,\n      0.5955258963208343,\n      -0.03431769560853186,\n      -0.02990088890643771,\n      -0.04306363527635334,\n      0.00842725614602351,\n      0.012806497696695443,\n      -0.006462246388515637,\n      0.006516402746921296,\n      0.006182149303841049,\n      0.02752017988566847,\n      -0.059054327730285655,\n      0.01846665735043746,\n      0.023010587286273986,\n      -0.00859769253083031,\n      -0.003477781684384721,\n      -0.012150120399089082,\n      -0.03431769560853186,\n      0.5955258989619686,\n      -0.02990088673869838,\n      -0.043063633941527145,\n      0.008427258829119795,\n      0.012806487830333587,\n      0.00651640605113838,\n      -0.006462246951243491,\n      -0.024675203276033602,\n      0.02559625913312481,\n      0.0001339672581677654,\n      0.0001339674203987085,\n      0.009243663009213397,\n      0.029885185832341288,\n      -0.00847395223103685,\n      -0.008473955367248714,\n      -0.02990088890643771,\n      -0.02990088673869838,\n      0.47503901730070475,\n      -0.020161491522167667,\n      -0.014228622177004609,\n      0.05073146853256513,\n      0.0069897876186793256,\n      0.006989789124049114,\n      -0.1869192300847624,\n      0.011004357228467867,\n      0.013691628558190744,\n      0.013691628826299918,\n      -0.007508837321011822,\n      -0.03912027706219595,\n      -0.0030207240617392906,\n      -0.003020727484087417,\n      -0.04306363527635334,\n      -0.043063633941527145,\n      -0.020161491522167667,\n      0.7777039285216784,\n      -0.030559834266012907,\n      0.0023809342365340236,\n      0.0069177828618099905,\n      0.006917774882639113,\n      0.015226416441795577,\n      -0.04576528739797732,\n      0.00862740652825502,\n      0.008627406100020238,\n      0.014290810014222145,\n      -0.0057330486503907535,\n      -0.007393790720852446,\n      -0.007393791799017604,\n      0.00842725614602351,\n      0.008427258829119795,\n      -0.014228622177004609,\n      -0.030559834266012907,\n      0.5441238419827561,\n      0.0014010202659505361,\n      -0.00903744181965547,\n      -0.009037436059459055,\n      -0.0004433854283032359,\n      -0.08334400467845525,\n      0.04174909914062136,\n      0.04174910132359694,\n      -0.02646183427987621,\n      0.004321493393442642,\n      -0.022918650323825847,\n      -0.022918649188873035,\n      0.012806497696695443,\n      0.012806487830333587,\n      0.05073146853256513,\n      0.0023809342365340236,\n      0.0014010202659505361,\n      0.8095826104590117,\n      0.012252042094761313,\n      0.0122520301506561,\n      0.02653111144220409,\n      -0.005522961294108362,\n      -0.023397862148632972,\n      0.06755885788926959,\n      0.011101266904855325,\n      -0.025375392792998136,\n      0.029176420954856452,\n      -0.001357334304201554,\n      -0.006462246388515637,\n      0.00651640605113838,\n      0.0069897876186793256,\n      0.0069177828618099905,\n      -0.00903744181965547,\n      0.012252042094761313,\n      0.5885472434697042,\n      -0.011428570474845596,\n      0.026531112686078932,\n      -0.0055229611550673165,\n      0.06755885543840592,\n      -0.023397861117216086,\n      0.011101268299715427,\n      -0.02537539250240812,\n      -0.00135733292310293,\n      0.02917642034488213,\n      0.006516402746921296,\n      -0.006462246951243491,\n      0.006989789124049114,\n      0.006917774882639113,\n      -0.009037436059459055,\n      0.0122520301506561,\n      -0.011428570474845596,\n      0.5885472428770678,\n      0.035201157703871035,\n      0.03471278318412771,\n      -0.0027287707256664698,\n      -0.002728770496903528,\n      -0.008527365102235418,\n      -0.014545919545845479,\n      -0.0016028027328016336,\n      -0.0016028025598583736,\n      0.008320628761491968,\n      0.008320629301239408,\n      -0.012063077198144444,\n      -0.011671508198348871,\n      -0.010374987723926251,\n      -0.045603072838860066,\n      0.001506549767780302,\n      0.0015065501737245093,\n      0.03471278318412771,\n      0.035201243121857656,\n      -0.00272875761586925,\n      -0.0027287577105179262,\n      -0.014545912916909641,\n      -0.008527358600687932,\n      -0.0016028051652563463,\n      -0.0016028052443685338,\n      -0.00832063548641624,\n      -0.008320635494147547,\n      0.011671531162109578,\n      0.01206307970267527,\n      -0.0456030621639526,\n      -0.01037496762454355,\n      0.0015065580396347576,\n      0.0015065577625094219,\n      -0.0027287707256664698,\n      -0.00272875761586925,\n      -0.005108179897665054,\n      -0.023368512735788056,\n      -0.0039352776181111795,\n      -0.003935270826024428,\n      0.000548380693448018,\n      -0.0019676829936880755,\n      -4.054685843698537e-09,\n      1.0961871126959066e-08,\n      0.00046157877933327167,\n      -0.00046158102723076254,\n      0.004032324336178123,\n      0.004032320546858967,\n      -0.02228651214907896,\n      0.009794257178761792,\n      -0.002728770496903528,\n      -0.0027287577105179262,\n      -0.023368512735788056,\n      -0.005108179701218437,\n      -0.003935277498580812,\n      -0.00393527084594408,\n      -0.0019676830232616335,\n      0.0005483806463493111,\n      1.1291740382838884e-08,\n      -3.5313559514191413e-09,\n      0.0004615785725573151,\n      -0.0004615808563733193,\n      0.004032324154448916,\n      0.004032320927926793,\n      0.009794257549245258,\n      -0.022286512144178053,\n      -0.008527365102235418,\n      -0.014545912916909641,\n      -0.0039352776181111795,\n      -0.003935277498580812,\n      0.03482723261208384,\n      0.013329936881045504,\n      0.003357933535982037,\n      0.0033579334561264925,\n      0.0032579992516750876,\n      0.003257999501538246,\n      -0.0043541274509349605,\n      -0.0032164087699823843,\n      0.008005829171445204,\n      0.0014257688468261038,\n      -0.0015491129638386771,\n      -0.0015491128868906539,\n      -0.014545919545845479,\n      -0.008527358600687932,\n      -0.003935270826024428,\n      -0.00393527084594408,\n      0.013329936881045504,\n      0.03482718863114805,\n      0.0033579361709143757,\n      0.003357936237002461,\n      -0.003258000392355553,\n      -0.0032580002595109223,\n      0.0032164035339812837,\n      0.004354132785597902,\n      0.0014257667393595245,\n      0.008005834138358793,\n      -0.0015491054646099166,\n      -0.0015491054977252857,\n      -0.0016028027328016336,\n      -0.0016028051652563463,\n      0.000548380693448018,\n      -0.0019676830232616335,\n      0.003357933535982037,\n      0.0033579361709143757,\n      -0.006314865003981193,\n      -0.011278145400496882,\n      2.487578310928027e-09,\n      8.153739898975748e-10,\n      -0.001391404394030831,\n      0.0013914070651810592,\n      0.0036157880132840657,\n      0.0036157898669428555,\n      0.0008501562274084626,\n      -0.0023224913893489718,\n      -0.0016028025598583736,\n      -0.0016028052443685338,\n      -0.0019676829936880755,\n      0.0005483806463493111,\n      0.0033579334561264925,\n      0.003357936237002461,\n      -0.011278145400496882,\n      -0.006314865168516527,\n      6.122021556148258e-10,\n      2.3632422913120316e-09,\n      -0.0013914043642504928,\n      0.001391407118839106,\n      0.0036157880801594594,\n      0.003615789763332821,\n      -0.0023224913909808023,\n      0.0008501561188998979,\n      0.008320628761491968,\n      -0.00832063548641624,\n      -4.054685843698537e-09,\n      1.1291740382838884e-08,\n      0.0032579992516750876,\n      -0.003258000392355553,\n      2.487578310928027e-09,\n      6.122021556148258e-10,\n      -0.020848224002918553,\n      -0.0048133734635185344,\n      0.0020004890717914385,\n      0.0020004904870353363,\n      0.004974005325792969,\n      -0.004974010965041733,\n      9.858383903053186e-10,\n      -5.775049127603425e-10,\n      0.008320629301239408,\n      -0.008320635494147547,\n      1.0961871126959066e-08,\n      -3.5313559514191413e-09,\n      0.003257999501538246,\n      -0.0032580002595109223,\n      8.153739898975748e-10,\n      2.3632422913120316e-09,\n      -0.0048133734635185344,\n      -0.020848224032780183,\n      0.0020004889817442826,\n      0.0020004903375984285,\n      0.00497400551571029,\n      -0.004974010890337589,\n      -4.350009003180333e-11,\n      4.81436580434657e-10,\n      -0.012063077198144444,\n      0.011671531162109578,\n      0.00046157877933327167,\n      0.0004615785725573151,\n      -0.0043541274509349605,\n      0.0032164035339812837,\n      -0.001391404394030831,\n      -0.0013914043642504928,\n      0.0020004890717914385,\n      0.0020004889817442826,\n      0.02617965530981873,\n      -0.009392698097038597,\n      -0.010829801567460079,\n      0.010169506444575689,\n      0.0019719101556071295,\n      0.0019719103138960033,\n      -0.011671508198348871,\n      0.01206307970267527,\n      -0.00046158102723076254,\n      -0.0004615808563733193,\n      -0.0032164087699823843,\n      0.004354132785597902,\n      0.0013914070651810592,\n      0.001391407118839106,\n      0.0020004904870353363,\n      0.0020004903375984285,\n      -0.009392698097038597,\n      0.026179608546879434,\n      -0.01016951006970579,\n      0.010829805342828534,\n      -0.001971914016849313,\n      -0.001971914205127632,\n      -0.010374987723926251,\n      -0.0456030621639526,\n      0.004032324336178123,\n      0.004032324154448916,\n      0.008005829171445204,\n      0.0014257667393595245,\n      0.0036157880132840657,\n      0.0036157880801594594,\n      0.004974005325792969,\n      0.00497400551571029,\n      -0.010829801567460079,\n      -0.01016951006970579,\n      0.035089319783390915,\n      -0.0010311563437906761,\n      -0.005968006548203722,\n      -0.005968006259478669,\n      -0.045603072838860066,\n      -0.01037496762454355,\n      0.004032320546858967,\n      0.004032320927926793,\n      0.0014257688468261038,\n      0.008005834138358793,\n      0.0036157898669428555,\n      0.003615789763332821,\n      -0.004974010965041733,\n      -0.004974010890337589,\n      0.010169506444575689,\n      0.010829805342828534,\n      -0.0010311563437906761,\n      0.035089277330687084,\n      -0.005968009842969744,\n      -0.005968010587885127,\n      0.001506549767780302,\n      0.0015065580396347576,\n      -0.02228651214907896,\n      0.009794257549245258,\n      -0.0015491129638386771,\n      -0.0015491054646099166,\n      0.0008501562274084626,\n      -0.0023224913909808023,\n      9.858383903053186e-10,\n      -4.350009003180333e-11,\n      0.0019719101556071295,\n      -0.001971914016849313,\n      -0.005968006548203722,\n      -0.005968009842969744,\n      -0.002938072114168087,\n      -0.016079981606806324,\n      0.0015065501737245093,\n      0.0015065577625094219,\n      0.009794257178761792,\n      -0.022286512144178053,\n      -0.0015491128868906539,\n      -0.0015491054977252857,\n      -0.0023224913893489718,\n      0.0008501561188998979,\n      -5.775049127603425e-10,\n      4.81436580434657e-10,\n      0.0019719103138960033,\n      -0.001971914205127632,\n      -0.005968006259478669,\n      -0.005968010587885127,\n      -0.016079981606806324,\n      -0.0029380723144470265,\n      0.03841369561646643,\n      -0.0027287707256664698,\n      0.04524331471741762,\n      -0.005925647201301006,\n      0.003658236594137148,\n      -0.017229774667318697,\n      -0.001711681062583575,\n      0.0009192160013351347,\n      0.02131516516607353,\n      -0.018991191227748387,\n      -0.002189854535461778,\n      -0.01101440657314678,\n      0.00843495470644947,\n      0.023231546687773292,\n      -0.005725037050062029,\n      0.02648844061328369,\n      -0.0027287707256664698,\n      -0.011863836832136498,\n      -0.0023785143148538895,\n      -0.023544804169491493,\n      -0.0019875412749099136,\n      -0.00280509437257332,\n      0.0010325075487260123,\n      0.00012936490026075817,\n      -0.00510987327153635,\n      0.010865583744631428,\n      -0.006384897411419022,\n      -0.0017544515908307536,\n      -0.008519538809697663,\n      -0.00963122510933783,\n      -0.020891090946739185,\n      0.0019757898609752333,\n      0.04524331471741762,\n      -0.0023785143148538895,\n      0.03853292007081197,\n      -0.006190534209547588,\n      -0.0031027307592134405,\n      -0.017794071614074623,\n      -0.004046066569249363,\n      0.01556344464860262,\n      0.003268710550354409,\n      -0.05013108136307211,\n      -0.004232308705572063,\n      0.019437020358156778,\n      0.0021740983163232356,\n      0.008082202146015783,\n      -0.007681781277374126,\n      -0.012202561394087243,\n      -0.005925647201301006,\n      -0.023544804169491493,\n      -0.006190534209547588,\n      -0.013755157816791723,\n      0.008061531016378513,\n      0.004320588663632272,\n      -0.005310258532797079,\n      -0.0003406618115951657,\n      -0.023733572668729705,\n      -0.006304868556421583,\n      0.014808064750492903,\n      -0.003226674579401535,\n      -0.0026097402701606215,\n      0.0074360885865856164,\n      0.015025891138923664,\n      0.002087429853379706,\n      0.003658236594137148,\n      -0.0019875412749099136,\n      -0.0031027307592134405,\n      0.008061531016378513,\n      -0.0116878643577177,\n      -0.004184543543397467,\n      0.0074843684259270436,\n      -0.0020230365118291543,\n      0.002005309906002737,\n      -0.0026161172193506273,\n      0.0018883233990402931,\n      0.0013609396178528976,\n      0.004339087017127977,\n      0.0021615389355760482,\n      0.010758532986958298,\n      0.0031390917439719696,\n      -0.017229774667318697,\n      -0.00280509437257332,\n      -0.017794071614074623,\n      0.004320588663632272,\n      -0.004184543543397467,\n      0.038272488749938514,\n      0.006414542922886606,\n      -0.01787997223454267,\n      -0.008290433125977893,\n      0.005390099967994338,\n      0.003936327953851236,\n      0.002735603328506738,\n      -0.003459764847174049,\n      -0.0026165149165460286,\n      0.002154256588014441,\n      -0.01975326901937441,\n      -0.001711681062583575,\n      0.0010325075487260123,\n      -0.004046066569249363,\n      -0.005310258532797079,\n      0.0074843684259270436,\n      0.006414542922886606,\n      -0.014468715595699934,\n      -0.003721749530275374,\n      -0.006778542238252814,\n      0.003144215744383493,\n      -0.004631508941117982,\n      0.0004880008139231173,\n      0.0012743660713860267,\n      -0.003910168302479649,\n      0.0007572715700243447,\n      -0.003384590149593825,\n      0.0009192160013351347,\n      0.00012936490026075817,\n      0.01556344464860262,\n      -0.0003406618115951657,\n      -0.0020230365118291543,\n      -0.01787997223454267,\n      -0.003721749530275374,\n      0.03355832431515035,\n      -0.0018276380644396408,\n      -0.01612374487545148,\n      -0.0010941156757536602,\n      -0.0059511599223459576,\n      0.0021649337982017776,\n      -0.001301487164870706,\n      -0.002376609906306602,\n      0.0009764852064290056,\n      0.02131516516607353,\n      -0.00510987327153635,\n      0.003268710550354409,\n      -0.023733572668729705,\n      0.002005309906002737,\n      -0.008290433125977893,\n      -0.006778542238252814,\n      -0.0018276380644396408,\n      -0.0047542500478862,\n      -0.00574500191488365,\n      0.0009501516880575731,\n      -0.0008128649991812186,\n      0.008658393926481146,\n      0.006456720176160644,\n      -0.005211038796523487,\n      -0.004096437268984363,\n      -0.018991191227748387,\n      0.010865583744631428,\n      -0.05013108136307211,\n      -0.006304868556421583,\n      -0.0026161172193506273,\n      0.005390099967994338,\n      0.003144215744383493,\n      -0.01612374487545148,\n      -0.00574500191488365,\n      0.03404120470517588,\n      0.0025325377803350913,\n      -0.008171253041422006,\n      -0.0033181105296853234,\n      0.0010812026934510248,\n      -0.010741037118645522,\n      0.005776797222457837,\n      -0.002189854535461778,\n      -0.006384897411419022,\n      -0.004232308705572063,\n      0.014808064750492903,\n      0.0018883233990402931,\n      0.003936327953851236,\n      -0.004631508941117982,\n      -0.0010941156757536602,\n      0.0009501516880575731,\n      0.0025325377803350913,\n      -0.013773282217124561,\n      -0.00010536741048449989,\n      -0.0017969265503000025,\n      0.002106343364448827,\n      0.01226661415020527,\n      -0.002014704254811454,\n      -0.01101440657314678,\n      -0.0017544515908307536,\n      0.019437020358156778,\n      -0.003226674579401535,\n      0.0013609396178528976,\n      0.002735603328506738,\n      0.0004880008139231173,\n      -0.0059511599223459576,\n      -0.0008128649991812186,\n      -0.008171253041422006,\n      -0.00010536741048449989,\n      0.03139399070201528,\n      0.0017377455441358936,\n      -0.0056529120778172175,\n      -0.00019111619462582627,\n      0.007073575134046691,\n      0.00843495470644947,\n      -0.008519538809697663,\n      0.0021740983163232356,\n      -0.0026097402701606215,\n      0.004339087017127977,\n      -0.003459764847174049,\n      0.0012743660713860267,\n      0.0021649337982017776,\n      0.008658393926481146,\n      -0.0033181105296853234,\n      -0.0017969265503000025,\n      0.0017377455441358936,\n      -0.02040565451238725,\n      2.5160198272878567e-05,\n      -0.0019563009209568713,\n      -0.004938243100866855,\n      0.023231546687773292,\n      -0.00963122510933783,\n      0.008082202146015783,\n      0.0074360885865856164,\n      0.0021615389355760482,\n      -0.0026165149165460286,\n      -0.003910168302479649,\n      -0.001301487164870706,\n      0.006456720176160644,\n      0.0010812026934510248,\n      0.002106343364448827,\n      -0.0056529120778172175,\n      2.5160198272878567e-05,\n      0.03652749193549991,\n      0.010318248835663507,\n      0.00437533770290661,\n      -0.005725037050062029,\n      -0.020891090946739185,\n      -0.007681781277374126,\n      0.015025891138923664,\n      0.010758532986958298,\n      0.002154256588014441,\n      0.0007572715700243447,\n      -0.002376609906306602,\n      -0.005211038796523487,\n      -0.010741037118645522,\n      0.01226661415020527,\n      -0.00019111619462582627,\n      -0.0019563009209568713,\n      0.010318248835663507,\n      -0.00936711528186162,\n      0.0011956425668902975,\n      0.02648844061328369,\n      0.0019757898609752333,\n      -0.012202561394087243,\n      0.002087429853379706,\n      0.0031390917439719696,\n      -0.01975326901937441,\n      -0.003384590149593825,\n      0.0009764852064290056,\n      -0.004096437268984363,\n      0.005776797222457837,\n      -0.002014704254811454,\n      0.007073575134046691,\n      -0.004938243100866855,\n      0.00437533770290661,\n      0.0011956425668902975,\n      0.0323957100519818,\n      0.03841369590109045,\n      -0.002728770496903528,\n      -0.005925647201301006,\n      0.0452433145737621,\n      0.003658237178125124,\n      -0.01722977388106669,\n      0.0009192161192575498,\n      -0.001711680946417883,\n      -0.01899118962296215,\n      0.02131516517280189,\n      -0.002189854439292263,\n      -0.01101440690353265,\n      0.008434954595648345,\n      0.0232315477661427,\n      0.02648844124740677,\n      -0.005725036231011768,\n      -0.002728770496903528,\n      -0.01186383741202192,\n      -0.023544804210871864,\n      -0.002378514102975466,\n      -0.001987541126054021,\n      -0.0028050944896067355,\n      0.0001293648019590961,\n      0.0010325075104841365,\n      0.010865583332020895,\n      -0.005109872489762434,\n      -0.006384897729682806,\n      -0.001754451452321146,\n      -0.008519539198041597,\n      -0.009631224942624321,\n      0.001975789713862983,\n      -0.02089109100594281,\n      -0.005925647201301006,\n      -0.023544804210871864,\n      -0.013755217919441683,\n      -0.006190534335385545,\n      0.008061530800727676,\n      0.004320588495185755,\n      -0.0003406616084424656,\n      -0.005310259083278885,\n      -0.006304868655486869,\n      -0.023733573096896058,\n      0.014808064682278545,\n      -0.0032266745809720445,\n      -0.00260974026700536,\n      0.007436088488921021,\n      0.002087429621056814,\n      0.01502589067799278,\n      0.0452433145737621,\n      -0.002378514102975466,\n      -0.006190534335385545,\n      0.03853291898417764,\n      -0.0031027301869203956,\n      -0.01779407178579022,\n      0.015563444605304746,\n      -0.004046066548326416,\n      -0.050131081140741274,\n      0.003268710463163125,\n      -0.004232308363160839,\n      0.01943702056939208,\n      0.0021740986693924423,\n      0.008082202151165549,\n      -0.01220255912159093,\n      -0.007681781690271023,\n      0.003658237178125124,\n      -0.001987541126054021,\n      0.008061530800727676,\n      -0.0031027301869203956,\n      -0.011687865185878697,\n      -0.004184543724269822,\n      -0.002023036342683422,\n      0.007484368414302672,\n      -0.0026161172519116108,\n      0.0020053094520416613,\n      0.0018883231415792708,\n      0.0013609399176222879,\n      0.004339087433836956,\n      0.0021615388069373084,\n      0.0031390916773483173,\n      0.010758532748580513,\n      -0.01722977388106669,\n      -0.0028050944896067355,\n      0.004320588495185755,\n      -0.01779407178579022,\n      -0.004184543724269822,\n      0.038272489248291235,\n      -0.017879972332069966,\n      0.006414542855984122,\n      0.005390099192258276,\n      -0.008290432959792923,\n      0.003936327911631161,\n      0.002735602710448801,\n      -0.003459764542158429,\n      -0.0026165151306823766,\n      -0.019753269274332505,\n      0.002154256176055536,\n      0.0009192161192575498,\n      0.0001293648019590961,\n      -0.0003406616084424656,\n      0.015563444605304746,\n      -0.002023036342683422,\n      -0.017879972332069966,\n      0.03355832341646809,\n      -0.0037217496149497212,\n      -0.016123744490961926,\n      -0.0018276379539485007,\n      -0.0010941155369085093,\n      -0.005951159598828382,\n      0.002164933988057889,\n      -0.0013014874212283305,\n      0.000976485895852595,\n      -0.0023766097840971904,\n      -0.001711680946417883,\n      0.0010325075104841365,\n      -0.005310259083278885,\n      -0.004046066548326416,\n      0.007484368414302672,\n      0.006414542855984122,\n      -0.0037217496149497212,\n      -0.014468716001920906,\n      0.0031442154647020803,\n      -0.006778541995598814,\n      -0.0046315088623580785,\n      0.0004880006687446832,\n      0.001274366205597008,\n      -0.003910168319844641,\n      -0.0033845903350871766,\n      0.0007572711884272151,\n      -0.01899118962296215,\n      0.010865583332020895,\n      -0.006304868655486869,\n      -0.050131081140741274,\n      -0.0026161172519116108,\n      0.005390099192258276,\n      -0.016123744490961926,\n      0.0031442154647020803,\n      0.034041203896784715,\n      -0.00574500155617375,\n      0.0025325376037971803,\n      -0.008171253029928884,\n      -0.0033181108668753263,\n      0.0010812034936168752,\n      0.0057767972794789645,\n      -0.010741037188928186,\n      0.02131516517280189,\n      -0.005109872489762434,\n      -0.023733573096896058,\n      0.003268710463163125,\n      0.0020053094520416613,\n      -0.008290432959792923,\n      -0.0018276379539485007,\n      -0.006778541995598814,\n      -0.00574500155617375,\n      -0.004754250454567732,\n      0.0009501514578718099,\n      -0.0008128649224837382,\n      0.008658394009326158,\n      0.00645672003244403,\n      -0.004096437101415714,\n      -0.005211038877067592,\n      -0.002189854439292263,\n      -0.006384897729682806,\n      0.014808064682278545,\n      -0.004232308363160839,\n      0.0018883231415792708,\n      0.003936327911631161,\n      -0.0010941155369085093,\n      -0.0046315088623580785,\n      0.0025325376037971803,\n      0.0009501514578718099,\n      -0.013773282998817998,\n      -0.00010536744370964708,\n      -0.0017969262849677316,\n      0.0021063431962930193,\n      -0.0020147045015109426,\n      0.012266613980596619,\n      -0.01101440690353265,\n      -0.001754451452321146,\n      -0.0032266745809720445,\n      0.01943702056939208,\n      0.0013609399176222879,\n      0.002735602710448801,\n      -0.005951159598828382,\n      0.0004880006687446832,\n      -0.008171253029928884,\n      -0.0008128649224837382,\n      -0.00010536744370964708,\n      0.03139399183038397,\n      0.0017377456614736772,\n      -0.005652912415443707,\n      0.007073575637916563,\n      -0.0001911161696679345,\n      0.008434954595648345,\n      -0.008519539198041597,\n      -0.00260974026700536,\n      0.0021740986693924423,\n      0.004339087433836956,\n      -0.003459764542158429,\n      0.002164933988057889,\n      0.001274366205597008,\n      -0.0033181108668753263,\n      0.008658394009326158,\n      -0.0017969262849677316,\n      0.0017377456614736772,\n      -0.02040565479029871,\n      2.516022039570281e-05,\n      -0.004938243386749864,\n      -0.0019563008232508935,\n      0.0232315477661427,\n      -0.009631224942624321,\n      0.007436088488921021,\n      0.008082202151165549,\n      0.0021615388069373084,\n      -0.0026165151306823766,\n      -0.0013014874212283305,\n      -0.003910168319844641,\n      0.0010812034936168752,\n      0.00645672003244403,\n      0.0021063431962930193,\n      -0.005652912415443707,\n      2.516022039570281e-05,\n      0.036527492212320725,\n      0.004375338372232034,\n      0.010318249070918889,\n      0.02648844124740677,\n      0.001975789713862983,\n      0.002087429621056814,\n      -0.01220255912159093,\n      0.0031390916773483173,\n      -0.019753269274332505,\n      0.000976485895852595,\n      -0.0033845903350871766,\n      0.0057767972794789645,\n      -0.004096437101415714,\n      -0.0020147045015109426,\n      0.007073575637916563,\n      -0.004938243386749864,\n      0.004375338372232034,\n      0.03239570841895463,\n      0.0011956425114916073,\n      -0.005725036231011768,\n      -0.02089109100594281,\n      0.01502589067799278,\n      -0.007681781690271023,\n      0.010758532748580513,\n      0.002154256176055536,\n      -0.0023766097840971904,\n      0.0007572711884272151,\n      -0.010741037188928186,\n      -0.005211038877067592,\n      0.012266613980596619,\n      -0.0001911161696679345,\n      -0.0019563008232508935,\n      0.010318249070918889,\n      0.0011956425114916073,\n      -0.009367115774960036,\n      0.008281661143205308,\n      -0.008527365102235418,\n      0.003658236594137148,\n      0.003658237178125124,\n      0.013967277854637344,\n      0.002307666217237497,\n      0.0005713057267061561,\n      0.0005713057037796224,\n      0.0018543377361397524,\n      0.001854338221977761,\n      -0.0002795582093653617,\n      -0.005318215064600699,\n      0.009718965425861991,\n      0.004579941130878913,\n      0.0029494911765851877,\n      0.002949490961298368,\n      -0.008527365102235418,\n      -0.02450293460134822,\n      -0.0028050992761455584,\n      -0.0028050988366683425,\n      0.0053506384070072,\n      0.007750839150194523,\n      0.002173360327337782,\n      0.0021733603705886622,\n      0.003933660137957953,\n      0.003933659973177808,\n      -0.011316914000309004,\n      -0.0027731718237969253,\n      0.004591518343852796,\n      -0.0030517686623341123,\n      -0.0017097958067509708,\n      -0.0017097959463013665,\n      0.003658236594137148,\n      -0.0028050992761455584,\n      -0.005959079488993739,\n      0.004158725020328793,\n      -8.709170420119093e-05,\n      -0.0031052056021457176,\n      0.002375145423682176,\n      0.0010852312360245574,\n      0.001180543482836042,\n      -0.008215122854457467,\n      0.0019309253831118348,\n      0.0008014042701279532,\n      -0.00035898040428633727,\n      0.002859261282828514,\n      0.00522882229218009,\n      0.002342560212285456,\n      0.003658237178125124,\n      -0.0028050988366683425,\n      0.004158725020328793,\n      -0.005959078680661421,\n      -8.709173458783107e-05,\n      -0.00310520580718078,\n      0.0010852316710050144,\n      0.0023751453532186552,\n      -0.008215122867055693,\n      0.0011805433417617938,\n      0.0019309252654804497,\n      0.0008014045357375298,\n      -0.00035898010722131414,\n      0.0028592612815514585,\n      0.0023425598708578686,\n      0.005228822167288827,\n      0.013967277854637344,\n      0.0053506384070072,\n      -8.709170420119093e-05,\n      -8.709