{
  "schema": "schema-madresults",
  "kwargs": {
    "name": "h2o",
    "frozen_core": true
  },
  "geometry": "mol.json",
  "n_pno": 8,
  "mol": "{\n  \"one_body_integrals\": {\n    \"shape\": [\n      12,\n      12\n    ],\n    \"data\": [\n      -5.241289950514345,\n      -0.25854614763763584,\n      -0.24304711283491293,\n      -0.2430471044679527,\n      0.051067232352530106,\n      0.9858540445777052,\n      0.06417740293055502,\n      0.06417740351285492,\n      -0.2295855832267536,\n      -0.22958560999785718,\n      -0.08182611885157628,\n      -0.37819579551564864,\n      -0.25854614763763584,\n      -5.241289820810616,\n      -0.24304705023066686,\n      -0.24304703886050236,\n      0.985854087769744,\n      0.051067160500845844,\n      0.06417739017096656,\n      0.06417739151872653,\n      0.22958557549463812,\n      0.2295855508778611,\n      0.37819584115281557,\n      0.08182610859943969,\n      -0.24304711283491293,\n      -0.24304705023066686,\n      -5.206210281658937,\n      -0.20880774041975989,\n      -0.032051999288156545,\n      -0.03205203339577358,\n      0.05249259860066458,\n      -1.0917010889300491,\n      3.5242808046627005e-08,\n      -7.723515605243295e-08,\n      -0.006311194088600942,\n      0.0063112409004720815,\n      -0.2430471044679527,\n      -0.24304703886050236,\n      -0.20880774041975989,\n      -5.206210274721637,\n      -0.03205200226487797,\n      -0.03205203096053692,\n      -1.0917010860160405,\n      0.05249259848762711,\n      -7.208286451797696e-08,\n      3.654464598675574e-08,\n      -0.006311194077459292,\n      0.006311244209140676,\n      0.051067232352530106,\n      0.985854087769744,\n      -0.032051999288156545,\n      -0.03205200226487797,\n      -3.609540292244658,\n      -0.38614346674309197,\n      -0.0336211739177366,\n      -0.033621170527352244,\n      -0.6520497620941315,\n      -0.6520497486902775,\n      -0.07533162974876845,\n      -0.15727617772009733,\n      0.9858540445777052,\n      0.051067160500845844,\n      -0.03205203339577358,\n      -0.03205203096053692,\n      -0.38614346674309197,\n      -3.609540172990703,\n      -0.03362128608908275,\n      -0.03362128398961641,\n      0.652049919367915,\n      0.6520498888745787,\n      0.15727634370347332,\n      0.07533158153894405,\n      0.06417740293055502,\n      0.06417739017096656,\n      0.05249259860066458,\n      -1.0917010860160405,\n      -0.0336211739177366,\n      -0.03362128608908275,\n      -3.26854865187567,\n      0.1271400010466502,\n      -6.561699164478664e-08,\n      4.831866448271372e-09,\n      -0.014417813689446448,\n      0.014417772446853412,\n      0.06417740351285492,\n      0.06417739151872653,\n      -1.0917010889300491,\n      0.05249259848762711,\n      -0.033621170527352244,\n      -0.03362128398961641,\n      0.1271400010466502,\n      -3.2685486519960443,\n      5.305674557574992e-09,\n      -6.907680867717833e-08,\n      -0.014417819292479624,\n      0.014417772208832023,\n      -0.2295855832267536,\n      0.22958557549463812,\n      3.5242808046627005e-08,\n      -7.208286451797696e-08,\n      -0.6520497620941315,\n      0.652049919367915,\n      -6.561699164478664e-08,\n      5.305674557574992e-09,\n      -2.254330356557933,\n      0.247316254614646,\n      0.34434207288530877,\n      0.34434212800994923,\n      -0.22958560999785718,\n      0.2295855508778611,\n      -7.723515605243295e-08,\n      3.654464598675574e-08,\n      -0.6520497486902775,\n      0.6520498888745787,\n      4.831866448271372e-09,\n      -6.907680867717833e-08,\n      0.247316254614646,\n      -2.25433036425175,\n      0.34434207969868874,\n      0.344342154948599,\n      -0.08182611885157628,\n      0.37819584115281557,\n      -0.006311194088600942,\n      -0.006311194077459292,\n      -0.07533162974876845,\n      0.15727634370347332,\n      -0.014417813689446448,\n      -0.014417819292479624,\n      0.34434207288530877,\n      0.34434207969868874,\n      -2.3603135952403784,\n      0.03920844967816022,\n      -0.37819579551564864,\n      0.08182610859943969,\n      0.0063112409004720815,\n      0.006311244209140676,\n      -0.15727617772009733,\n      0.07533158153894405,\n      0.014417772446853412,\n      0.014417772208832023,\n      0.34434212800994923,\n      0.344342154948599,\n      0.03920844967816022,\n      -2.3603134789206646\n    ]\n  },\n  \"two_body_integrals\": {\n    \"shape\": [\n      12,\n      12,\n      12,\n      12\n    ],\n    \"data\": [\n      0.84093624637053,\n      0.0352011579125827,\n      0.03841369582084137,\n      0.03841369499309219,\n      0.006375598194019553,\n      -0.11765388492593087,\n      -0.015055218715197168,\n      -0.01505521905488134,\n      -0.007551916154121111,\n      -0.007551915703290085,\n      0.02114019252532793,\n      0.1920851640473931,\n      0.0352011579125827,\n      0.5741585849514388,\n      -0.01186384950888273,\n      -0.011863848965842357,\n      -0.14338411033074983,\n      -0.03141397541273105,\n      -0.005933223147242872,\n      -0.00593322316891259,\n      -0.029266764256233004,\n      -0.029266764623857227,\n      -0.009539944762942103,\n      -0.025479651919640793,\n      0.03841369582084137,\n      -0.01186384950888273,\n      0.6139001785711173,\n      -0.023817665923390012,\n      0.010693072562597807,\n      -0.020243886537842003,\n      -0.005325797076544956,\n      0.12970799314337872,\n      -0.016688005629487766,\n      0.06083299614077129,\n      -0.012007889592242712,\n      -0.0038258469248137633,\n      0.03841369499309219,\n      -0.011863848965842357,\n      -0.023817665923390012,\n      0.6139001780692188,\n      0.010693073557011046,\n      -0.020243888088560535,\n      0.12970799301701952,\n      -0.005325796969422321,\n      0.060832994784565254,\n      -0.016688006325356955,\n      -0.012007890074268852,\n      -0.0038258481758211282,\n      0.006375598194019553,\n      -0.14338411033074983,\n      0.010693072562597807,\n      0.010693073557011046,\n      0.5956587010526817,\n      -0.02942700855179457,\n      0.012937455773331628,\n      0.01293745522017931,\n      -0.024967240158002012,\n      -0.024967244716309452,\n      -0.020727662384685465,\n      0.01136443580951647,\n      -0.11765388492593087,\n      -0.03141397541273105,\n      -0.020243886537842003,\n      -0.020243888088560535,\n      -0.02942700855179457,\n      0.8815857565791617,\n      0.004482326274137722,\n      0.004482325112750027,\n      0.009250190771513041,\n      0.00925019423013538,\n      -0.02031394965259903,\n      0.027865556570780686,\n      -0.015055218715197168,\n      -0.005933223147242872,\n      -0.005325797076544956,\n      0.12970799301701952,\n      0.012937455773331628,\n      0.004482326274137722,\n      0.5621876912352627,\n      -0.022978514119741767,\n      0.011081029013762216,\n      0.0028781761566047674,\n      0.00781048103296785,\n      0.0020259516539855426,\n      -0.01505521905488134,\n      -0.00593322316891259,\n      0.12970799314337872,\n      -0.005325796969422321,\n      0.01293745522017931,\n      0.004482325112750027,\n      -0.022978514119741767,\n      0.56218769153955,\n      0.002878176409984654,\n      0.01108102966902988,\n      0.0078104821569821865,\n      0.0020259511687094624,\n      -0.007551916154121111,\n      -0.029266764256233004,\n      -0.016688005629487766,\n      0.060832994784565254,\n      -0.024967240158002012,\n      0.009250190771513041,\n      0.011081029013762216,\n      0.002878176409984654,\n      0.5961431678459072,\n      -0.033700427134857214,\n      -0.0340945610661139,\n      -0.04510708046565443,\n      -0.007551915703290085,\n      -0.029266764623857227,\n      0.06083299614077129,\n      -0.016688006325356955,\n      -0.024967244716309452,\n      0.00925019423013538,\n      0.0028781761566047674,\n      0.01108102966902988,\n      -0.033700427134857214,\n      0.5961431735002634,\n      -0.03409456053280091,\n      -0.045107076669018795,\n      0.02114019252532793,\n      -0.009539944762942103,\n      -0.012007889592242712,\n      -0.012007890074268852,\n      -0.020727662384685465,\n      -0.02031394965259903,\n      0.00781048103296785,\n      0.0078104821569821865,\n      -0.0340945610661139,\n      -0.03409456053280091,\n      0.5021919749840608,\n      -0.021803913271638668,\n      0.1920851640473931,\n      -0.025479651919640793,\n      -0.0038258469248137633,\n      -0.0038258481758211282,\n      0.01136443580951647,\n      0.027865556570780686,\n      0.0020259516539855426,\n      0.0020259511687094624,\n      -0.04510708046565443,\n      -0.045107076669018795,\n      -0.021803913271638668,\n      0.7674847670098645,\n      0.0352011579125827,\n      0.03471278315680426,\n      -0.002728770799763476,\n      -0.002728770639921177,\n      -0.014846522360202516,\n      -0.01638176892861634,\n      -0.0009488960388924681,\n      -0.0009488959631383566,\n      -0.010415669702326135,\n      -0.010415669949114805,\n      0.019037144001096497,\n      0.0074290998708836965,\n      0.03471278315680426,\n      0.03520124291269449,\n      -0.002728757723045353,\n      -0.002728757599692398,\n      -0.016381765420511042,\n      -0.014846510914211892,\n      -0.0009488985033129281,\n      -0.0009488984555762314,\n      0.010415681697063651,\n      0.010415681857642998,\n      -0.007429112680660556,\n      -0.01903713659397212,\n      -0.002728770799763476,\n      -0.002728757723045353,\n      -0.0051081799592392705,\n      -0.02336851273389621,\n      -0.0031029885434484556,\n      -0.0031029826805984155,\n      0.0003156540059128859,\n      -0.0032681072355292126,\n      -5.978395029460765e-10,\n      -9.137584365374873e-09,\n      0.0002641763166651984,\n      -0.0002641750997858191,\n      -0.002728770639921177,\n      -0.002728757599692398,\n      -0.02336851273389621,\n      -0.0051081795709839815,\n      -0.003102988491562671,\n      -0.00310298295391907,\n      -0.0032681072526616175,\n      0.0003156539588023044,\n      -9.372692496472171e-09,\n      -9.441125904338394e-10,\n      0.0002641764233356921,\n      -0.0002641753698729443,\n      -0.014846522360202516,\n      -0.016381765420511042,\n      -0.0031029885434484556,\n      -0.003102988491562671,\n      0.03557863388863341,\n      0.015395385935032256,\n      0.0035524131967201193,\n      0.0035524132030346155,\n      -0.0026031330692480106,\n      -0.002603133184357317,\n      0.0025774352944891413,\n      0.0024048106029915853,\n      -0.01638176892861634,\n      -0.014846510914211892,\n      -0.0031029826805984155,\n      -0.00310298295391907,\n      0.015395385935032256,\n      0.03557858826451541,\n      0.003552415776409632,\n      0.003552415817660041,\n      0.0026031324777069306,\n      0.0026031325158715137,\n      -0.0024048102982556323,\n      -0.002577440048622144,\n      -0.0009488960388924681,\n      -0.0009488985033129281,\n      0.0003156540059128859,\n      -0.0032681072526616175,\n      0.0035524131967201193,\n      0.003552415776409632,\n      -0.006654834031643012,\n      -0.011368719139538942,\n      -2.4825841849927463e-09,\n      -1.2583103725920686e-09,\n      0.0010437368818510878,\n      -0.0010437399792115488,\n      -0.0009488959631383566,\n      -0.0009488984555762314,\n      -0.0032681072355292126,\n      0.0003156539588023044,\n      0.0035524132030346155,\n      0.003552415817660041,\n      -0.011368719139538942,\n      -0.006654834357919607,\n      -1.2157258730261227e-09,\n      -2.4701447887999495e-09,\n      0.0010437369428020942,\n      -0.0010437400341378193,\n      -0.010415669702326135,\n      0.010415681697063651,\n      -5.978395029460765e-10,\n      -9.372692496472171e-09,\n      -0.0026031330692480106,\n      0.0026031324777069306,\n      -2.4825841849927463e-09,\n      -1.2157258730261227e-09,\n      -0.01916906897883988,\n      -0.0031342186502927877,\n      -9.325794692266855e-05,\n      -9.325702240661673e-05,\n      -0.010415669949114805,\n      0.010415681857642998,\n      -9.137584365374873e-09,\n      -9.441125904338394e-10,\n      -0.002603133184357317,\n      0.0026031325158715137,\n      -1.2583103725920686e-09,\n      -2.4701447887999495e-09,\n      -0.0031342186502927877,\n      -0.019169069332365896,\n      -9.325796600966507e-05,\n      -9.32569908112449e-05,\n      0.019037144001096497,\n      -0.007429112680660556,\n      0.0002641763166651984,\n      0.0002641764233356921,\n      0.0025774352944891413,\n      -0.0024048102982556323,\n      0.0010437368818510878,\n      0.0010437369428020942,\n      -9.325794692266855e-05,\n      -9.325796600966507e-05,\n      0.026376444403097082,\n      -0.005761740311260439,\n      0.0074290998708836965,\n      -0.01903713659397212,\n      -0.0002641750997858191,\n      -0.0002641753698729443,\n      0.0024048106029915853,\n      -0.002577440048622144,\n      -0.0010437399792115488,\n      -0.0010437400341378193,\n      -9.325702240661673e-05,\n      -9.32569908112449e-05,\n      -0.005761740311260439,\n      0.02637640928418259,\n      0.03841369582084137,\n      -0.002728770799763476,\n      0.045243314640351806,\n      -0.005925647381036284,\n      0.006595214404683295,\n      -0.016106968995249656,\n      -0.0003898789819236619,\n      0.0011573067595555186,\n      -0.020481513242964874,\n      0.0198248488992558,\n      -0.004322897110972318,\n      0.016408100052505592,\n      -0.002728770799763476,\n      -0.011863837237864975,\n      -0.0023785143647696017,\n      -0.023544804184641076,\n      -0.0030091488693141126,\n      -0.0037469778741110425,\n      0.0005585986912179906,\n      -0.0011020832089780337,\n      0.005056599954881357,\n      -0.010918852109892213,\n      0.010679222917417632,\n      -0.002536433874601924,\n      0.045243314640351806,\n      -0.0023785143647696017,\n      0.03853291959295832,\n      -0.006190534154735432,\n      -0.0016100661724930997,\n      -0.01643815734021833,\n      -0.005218152371874609,\n      0.014526658150457238,\n      -0.0031158605349119466,\n      0.050283930281824075,\n      0.00509528923776959,\n      -0.020062314800585436,\n      -0.005925647381036284,\n      -0.023544804184641076,\n      -0.006190534154735432,\n      -0.013755157905372843,\n      0.00839112435313141,\n      0.003692091050519404,\n      -0.004703302858824697,\n      0.0006999150505159642,\n      0.02422735493527079,\n      0.006798648151799203,\n      -0.01721772424806981,\n      0.005221829115742316,\n      0.006595214404683295,\n      -0.0030091488693141126,\n      -0.0016100661724930997,\n      0.00839112435313141,\n      -0.010540894544444703,\n      -0.0038870612939300385,\n      0.007426198212764962,\n      -0.0013674132946616547,\n      -0.0028519006464001154,\n      0.002546872756038703,\n      -0.0054763555911134364,\n      0.002422893708657494,\n      -0.016106968995249656,\n      -0.0037469778741110425,\n      -0.01643815734021833,\n      0.003692091050519404,\n      -0.0038870612939300385,\n      0.03665226582245868,\n      0.00530218153499342,\n      -0.017728563592236492,\n      0.007094630265962894,\n      -0.0043690809824510285,\n      -0.0004318697236488575,\n      -0.0069270266748789975,\n      -0.0003898789819236619,\n      0.0005585986912179906,\n      -0.005218152371874609,\n      -0.004703302858824697,\n      0.007426198212764962,\n      0.00530218153499342,\n      -0.014496428848283375,\n      -0.003768275147145296,\n      0.007087951229992285,\n      -0.0034350072783089994,\n      0.0045539463222380415,\n      -0.001105901883169569,\n      0.0011573067595555186,\n      -0.0011020832089780337,\n      0.014526658150457238,\n      0.0006999150505159642,\n      -0.0013674132946616547,\n      -0.017728563592236492,\n      -0.003768275147145296,\n      0.032970361036679746,\n      0.0022066041920136056,\n      0.016374235977859437,\n      0.0007490061674980287,\n      0.0055224445355502045,\n      -0.020481513242964874,\n      0.005056599954881357,\n      -0.0031158605349119466,\n      0.02422735493527079,\n      -0.0028519006464001154,\n      0.007094630265962894,\n      0.007087951229992285,\n      0.0022066041920136056,\n      -0.004288737798021209,\n      -0.0058706736192044905,\n      0.00042202634666939245,\n      -0.0005550572178498978,\n      0.0198248488992558,\n      -0.010918852109892213,\n      0.050283930281824075,\n      0.006798648151799203,\n      0.002546872756038703,\n      -0.0043690809824510285,\n      -0.0034350072783089994,\n      0.016374235977859437,\n      -0.0058706736192044905,\n      0.03332434164952688,\n      0.0009834493123199901,\n      -0.005714565534460728,\n      -0.004322897110972318,\n      0.010679222917417632,\n      0.00509528923776959,\n      -0.01721772424806981,\n      -0.0054763555911134364,\n      -0.0004318697236488575,\n      0.0045539463222380415,\n      0.0007490061674980287,\n      0.00042202634666939245,\n      0.0009834493123199901,\n      -0.008264358465424044,\n      -0.0014519392620173342,\n      0.016408100052505592,\n      -0.002536433874601924,\n      -0.020062314800585436,\n      0.005221829115742316,\n      0.002422893708657494,\n      -0.0069270266748789975,\n      -0.001105901883169569,\n      0.0055224445355502045,\n      -0.0005550572178498978,\n      -0.005714565534460728,\n      -0.0014519392620173342,\n      0.027934867194700168,\n      0.03841369499309219,\n      -0.002728770639921177,\n      -0.005925647381036284,\n      0.04524331457677469,\n      0.006595214797173899,\n      -0.016106970207488552,\n      0.0011573068024692433,\n      -0.0003898789492530818,\n      0.019824848700950356,\n      -0.02048151346240445,\n      -0.004322897319306184,\n      0.016408098967072515,\n      -0.002728770639921177,\n      -0.011863836915848198,\n      -0.023544804189152117,\n      -0.002378513949274754,\n      -0.003009149074093897,\n      -0.003746977873366252,\n      -0.001102083284742607,\n      0.0005585986327241125,\n      -0.010918852136845758,\n      0.005056599605378171,\n      0.01067922289753374,\n      -0.00253643391324352,\n      -0.005925647381036284,\n      -0.023544804189152117,\n      -0.013755217451965654,\n      -0.006190534106955381,\n      0.008391124231737698,\n      0.003692091359486793,\n      0.0006999150904083468,\n      -0.004703302727915453,\n      0.006798648262065186,\n      0.024227354995544535,\n      -0.017217724159047373,\n      0.005221829333659389,\n      0.04524331457677469,\n      -0.002378513949274754,\n      -0.006190534106955381,\n      0.03853292012329477,\n      -0.001610065857187333,\n      -0.016438157362604344,\n      0.01452665850220147,\n      -0.005218152322934735,\n      0.05028392994955796,\n      -0.003115860687123636,\n      0.0050952891606031725,\n      -0.020062314976546515,\n      0.006595214797173899,\n      -0.003009149074093897,\n      0.008391124231737698,\n      -0.001610065857187333,\n      -0.010540894207656018,\n      -0.003887061497772946,\n      -0.0013674133357308054,\n      0.0074261982087985845,\n      0.002546872822689272,\n      -0.0028519006177465216,\n      -0.005476355417224165,\n      0.0024228937052110855,\n      -0.016106970207488552,\n      -0.003746977873366252,\n      0.003692091359486793,\n      -0.016438157362604344,\n      -0.003887061497772946,\n      0.03665226520931488,\n      -0.017728563614432223,\n      0.005302181534696709,\n      -0.004369080406065684,\n      0.007094630697609317,\n      -0.0004318696261715007,\n      -0.006927026941774145,\n      0.0011573068024692433,\n      -0.001102083284742607,\n      0.0006999150904083468,\n      0.01452665850220147,\n      -0.0013674133357308054,\n      -0.017728563614432223,\n      0.0329703615746775,\n      -0.0037682751152871992,\n      0.016374235733887382,\n      0.0022066040843959213,\n      0.0007490059561865935,\n      0.005522444470456685,\n      -0.0003898789492530818,\n      0.0005585986327241125,\n      -0.004703302727915453,\n      -0.005218152322934735,\n      0.0074261982087985845,\n      0.005302181534696709,\n      -0.0037682751152871992,\n      -0.014496428676080484,\n      -0.0034350071807455634,\n      0.007087951232145668,\n      0.004553946319530412,\n      -0.0011059018733749638,\n      0.019824848700950356,\n      -0.010918852136845758,\n      0.006798648262065186,\n      0.05028392994955796,\n      0.002546872822689272,\n      -0.004369080406065684,\n      0.016374235733887382,\n      -0.0034350071807455634,\n      0.033324342140393606,\n      -0.005870673711080087,\n      0.000983449072432511,\n      -0.0057145656447251175,\n      -0.02048151346240445,\n      0.005056599605378171,\n      0.024227354995544535,\n      -0.003115860687123636,\n      -0.0028519006177465216,\n      0.007094630697609317,\n      0.0022066040843959213,\n      0.007087951232145668,\n      -0.005870673711080087,\n      -0.004288737530059153,\n      0.0004220262040729916,\n      -0.0005550572021418885,\n      -0.004322897319306184,\n      0.01067922289753374,\n      -0.017217724159047373,\n      0.0050952891606031725,\n      -0.005476355417224165,\n      -0.0004318696261715007,\n      0.0007490059561865935,\n      0.004553946319530412,\n      0.000983449072432511,\n      0.0004220262040729916,\n      -0.008264358573685886,\n      -0.0014519392815680432,\n      0.016408098967072515,\n      -0.00253643391324352,\n      0.005221829333659389,\n      -0.020062314976546515,\n      0.0024228937052110855,\n      -0.006927026941774145,\n      0.005522444470456685,\n      -0.0011059018733749638,\n      -0.0057145656447251175,\n      -0.0005550572021418885,\n      -0.0014519392815680432,\n      0.02793486568996457,\n      0.006375598194019553,\n      -0.014846522360202516,\n      0.006595214404683295,\n      0.006595214797173899,\n      0.017382907107401056,\n      0.004385119970868801,\n      0.00013957252907631268,\n      0.000139572516618064,\n      -0.00045256832280333407,\n      -0.00045256875806726703,\n      -0.007045495920765925,\n      0.008035060680580014,\n      -0.014846522360202516,\n      -0.03141398506661086,\n      -0.0037469838802145503,\n      -0.0037469835943080166,\n      0.005850062038720246,\n      0.009570088057030385,\n      0.00251876204376971,\n      0.0025187620893461953,\n      -0.005756454157660266,\n      -0.005756454052433863,\n      0.013441106410582052,\n      0.004320398582622758,\n      0.006595214404683295,\n      -0.0037469838802145503,\n      -0.0035233214167556797,\n      0.007078900977914826,\n      0.0012519548326508669,\n      -0.003146132161099606,\n      0.002187598594839622,\n      0.002498981560618628,\n      -0.0015419724334967517,\n      0.011367671398565734,\n      -0.0037107724359432648,\n      -8.892391855513991e-05,\n      0.006595214797173899,\n      -0.0037469835943080166,\n      0.007078900977914826,\n      -0.003523320886363323,\n      0.0012519549039180984,\n      -0.0031461323727246223,\n      0.002498981745943871,\n      0.002187598521402784,\n      0.011367671518572852,\n      -0.0015419724226282544,\n      -0.0037107723083381547,\n      -8.892412807566866e-05,\n      0.017382907107401056,\n      0.005850062038720246,\n      0.0012519548326508669,\n      0.0012519549039180984,\n      -0.03349515053746156,\n      -0.013662842540242205,\n      -0.000296416996979967,\n      -0.00029641682087962624,\n      0.0013582495172013611,\n      0.0013582495687829439,\n      -0.000943531751828127,\n      -0.006119379280179416,\n      0.004385119970868801,\n      0.009570088057030385,\n      -0.003146132161099606,\n      -0.0031461323727246223,\n      -0.013662842540242205,\n      0.010446014800868915,\n      -0.0023834929132835084,\n      -0.002383492719980594,\n      -0.0030727033786792316,\n      -0.0030727033193418394,\n      0.00365759304859939,\n      -0.004819116628071375,\n      0.00013957252907631268,\n      0.00251876204376971,\n      0.002187598594839622,\n      0.002498981745943871,\n      -0.000296416996979967,\n      -0.0023834929132835084,\n      -0.000160186052135106,\n      0.0014114426802483546,\n      0.002296332596980418,\n      0.000664024379823379,\n      0.0012274875402175241,\n      0.001560498641456852,\n      0.000139572516618064,\n      0.0025187620893461953,\n      0.002498981560618628,\n      0.002187598521402784,\n      -0.00029641682087962624,\n      -0.002383492719980594,\n      0.0014114426802483546,\n      -0.00016018655724641903,\n      0.0006640243252100163,\n      0.002296332590473525,\n      0.0012274875908879807,\n      0.0015604985975083544,\n      -0.00045256832280333407,\n      -0.005756454157660266,\n      -0.0015419724334967517,\n      0.011367671518572852,\n      0.0013582495172013611,\n      -0.0030727033786792316,\n      0.002296332596980418,\n      0.0006640243252100163,\n      0.0010841664568206051,\n      0.00012769810532797267,\n      0.0013904187508116208,\n      4.027622657764996e-06,\n      -0.00045256875806726703,\n      -0.005756454052433863,\n      0.011367671398565734,\n      -0.0015419724226282544,\n      0.0013582495687829439,\n      -0.0030727033193418394,\n      0.000664024379823379,\n      0.002296332590473525,\n      0.00012769810532797267,\n      0.001084166039050803,\n      0.0013904187882549206,\n      4.027692347215671e-06,\n      -0.007045495920765925,\n      0.013441106410582052,\n      -0.0037107724359432648,\n      -0.0037107723083381547,\n      -0.000943531751828127,\n      0.00365759304859939,\n      0.0012274875402175241,\n      0.0012274875908879807,\n      0.0013904187508116208,\n      0.0013904187882549206,\n      -0.025180462203786325,\n      -0.0005783608899396928,\n      0.008035060680580014,\n      0.004320398582622758,\n      -8.892391855513991e-05,\n      -8.892412807566866e-05,\n      -0.006119379280179416,\n      -0.004819116628071375,\n      0.001560498641456852,\n      0.0015604985975083544,\n      4.027622657764996e-06,\n      4.027692347215671e-06,\n      -0.0005783608899396928,\n      0.007242524892866075,\n      -0.11765388492593087,\n      -0.01638176892861634,\n      -0.016106968995249656,\n      -0.016106970207488552,\n      0.004385119970868801,\n      0.22914477103631395,\n      0.00041557635621591697,\n      0.0004155759983350089,\n      -0.020895929963795714,\n      -0.02089592927256177,\n      -0.006685745332322106,\n      -0.0016787495143586123,\n      -0.01638176892861634,\n      -0.14338409522915418,\n      -0.003009142975565663,\n      -0.0030091435161005526,\n      0.08940255489338682,\n      0.005850888991891207,\n      0.00924731511374122,\n      0.009247315247355904,\n      0.013846427816671097,\n      0.013846427427162578,\n      0.01709880118969764,\n      0.00169715652908544,\n      -0.016106968995249656,\n      -0.003009142975565663,\n      -0.15728445503940977,\n      0.005257331611358212,\n      -0.006925607198129778,\n      0.0011641372738311838,\n      0.011573350181694553,\n      -0.09576287170856093,\n      0.002913179780614096,\n      -0.0067097854006729196,\n      -0.0005153154266481395,\n      -0.0024543588140681326,\n      -0.016106970207488552,\n      -0.0030091435161005526,\n      0.005257331611358212,\n      -0.15728445550231543,\n      -0.006925607345482938,\n      0.0011641371493976314,\n      -0.0957628718107914,\n      0.011573350281841375,\n      -0.006709784660139681,\n      0.002913180282528503,\n      -0.000515315562179573,\n      -0.0024543585501621,\n      0.004385119970868801,\n      0.08940255489338682,\n      -0.006925607198129778,\n      -0.006925607345482938,\n      -0.18067154966465898,\n      0.027359612624006824,\n      -0.00787513242185153,\n      -0.007875131969272068,\n      0.00848509750651558,\n      0.00848509862078172,\n      0.007236039707990805,\n      -0.019992381537940064,\n      0.22914477103631395,\n      0.005850888991891207,\n      0.0011641372738311838,\n      0.0011641371493976314,\n      0.027359612624006824,\n      -0.15240729608304937,\n      -0.0029765933962481008,\n      -0.0029765940654277595,\n      -0.03961899624132556,\n      -0.03961899706975912,\n      0.0020310567668484925,\n      0.062327980628439125,\n      0.00041557635621591697,\n      0.00924731511374122,\n      0.011573350181694553,\n      -0.0957628718107914,\n      -0.00787513242185153,\n      -0.0029765933962481008,\n      -0.14668858860341316,\n      0.006245973270950223,\n      -0.0126775084359191,\n      0.006343701794333788,\n      0.004140342358847521,\n      0.0034734369213779825,\n      0.0004155759983350089,\n      0.009247315247355904,\n      -0.09576287170856093,\n      0.011573350281841375,\n      -0.007875131969272068,\n      -0.0029765940654277595,\n      0.006245973270950223,\n      -0.14668858810558943,\n      0.006343701630079615,\n      -0.01267750892935909,\n      0.004140341732495995,\n      0.0034734370233790285,\n      -0.020895929963795714,\n      0.013846427816671097,\n      0.002913179780614096,\n      -0.006709784660139681,\n      0.00848509750651558,\n      -0.03961899624132556,\n      -0.0126775084359191,\n      0.006343701630079615,\n      -0.13009909785340698,\n      0.017655247362159128,\n      0.01813637482059949,\n      0.025841273808862683,\n      -0.02089592927256177,\n      0.013846427427162578,\n      -0.0067097854006729196,\n      0.002913180282528503,\n      0.00848509862078172,\n      -0.03961899706975912,\n      0.006343701794333788,\n      -0.01267750892935909,\n      0.017655247362159128,\n      -0.13009909899367433,\n      0.018136374569984223,\n      0.02584127317908957,\n      -0.006685745332322106,\n      0.01709880118969764,\n      -0.0005153154266481395,\n      -0.000515315562179573,\n      0.007236039707990805,\n      0.0020310567668484925,\n      0.004140342358847521,\n      0.004140341732495995,\n      0.01813637482059949,\n      0.018136374569984223,\n      -0.0897901879979619,\n      0.005078001214476398,\n      -0.0016787495143586123,\n      0.00169715652908544,\n      -0.0024543588140681326,\n      -0.0024543585501621,\n      -0.019992381537940064,\n      0.062327980628439125,\n      0.0034734369213779825,\n      0.0034734370233790285,\n      0.025841273808862683,\n      0.02584127317908957,\n      0.005078001214476398,\n      -0.024526370467399743,\n      -0.015055218715197168,\n      -0.0009488960388924681,\n      -0.0003898789819236619,\n      0.0011573068024692433,\n      0.00013957252907631268,\n      0.00041557635621591697,\n      0.013901490594762072,\n      -0.0016924867939067784,\n      0.0016152511686442581,\n      0.0005293032919541341,\n      0.0006824089600536501,\n      -0.004654023814839124,\n      -0.0009488960388924681,\n      -0.005933225837786339,\n      0.0005585988007068174,\n      -0.0011020834064095026,\n      0.009247314867095943,\n      0.002518762155305648,\n      -0.0018576241877031009,\n      -0.0036190674144628496,\n      0.0009294996087224616,\n      0.0008365663188461841,\n      0.00027340144831384427,\n      0.00034423107136436176,\n      -0.0003898789819236619,\n      0.0005585988007068174,\n      -0.010573958943173013,\n      -0.0008398801317033066,\n      0.0022129688079359517,\n      0.0029305859324965378,\n      -0.0033153851752976107,\n      -0.009090133612491051,\n      0.002228605232219853,\n      -0.0035166640555450773,\n      0.0020306254654392708,\n      -0.0009087655449454339,\n      0.0011573068024692433,\n      -0.0011020834064095026,\n      -0.0008398801317033066,\n      -0.0039142081756509085,\n      -0.0002952048929133564,\n      -0.009413163683096491,\n      0.0024839822388310435,\n      -0.0018572625629117278,\n      0.006606972511253713,\n      0.0016032536331567777,\n      0.0003761537784951369,\n      0.0018068860459814397,\n      0.00013957252907631268,\n      0.009247314867095943,\n      0.0022129688079359517,\n      -0.0002952048929133564,\n      -0.008482345169336814,\n      -0.00040663560204400387,\n      0.0006644993780670238,\n      -0.0010647416822252148,\n      0.002486835095314515,\n      0.0014581233374923212,\n      -0.0004449303476108398,\n      0.0008705718669815829,\n      0.00041557635621591697,\n      0.002518762155305648,\n      0.0029305859324965378,\n      -0.009413163683096491,\n      -0.00040663560204400387,\n      -0.013514015478894104,\n      -0.004284294027392293,\n      -6.383057876145192e-05,\n      -0.003584231505239903,\n      0.004415911364735713,\n      0.002679239494974356,\n      -0.0007403659802513788,\n      0.013901490594762072,\n      -0.0018576241877031009,\n      -0.0033153851752976107,\n      0.0024839822388310435,\n      0.0006644993780670238,\n      -0.004284294027392293,\n      -0.003921199112806535,\n      -0.0003824496367796455,\n      0.012230661741655324,\n      -0.002990092268957639,\n      -0.00037079946148747215,\n      -0.008685361744869146,\n      -0.0016924867939067784,\n      -0.0036190674144628496,\n      -0.009090133612491051,\n      -0.0018572625629117278,\n      -0.0010647416822252148,\n      -6.383057876145192e-05,\n      -0.0003824496367796455,\n      -0.009723876595735948,\n      0.0009136626703918503,\n      0.0027018180190612985,\n      -0.004836229913504155,\n      0.0010467683483227443,\n      0.0016152511686442581,\n      0.0009294996087224616,\n      0.002228605232219853,\n      0.006606972511253713,\n      0.002486835095314515,\n      -0.003584231505239903,\n      0.012230661741655324,\n      0.0009136626703918503,\n      -0.003318204570231222,\n      1.4081738216229038e-05,\n      0.0008031122281588045,\n      0.0015597382606653309,\n      0.0005293032919541341,\n      0.0008365663188461841,\n      -0.0035166640555450773,\n      0.0016032536331567777,\n      0.0014581233374923212,\n      0.004415911364735713,\n      -0.002990092268957639,\n      0.0027018180190612985,\n      1.4081738216229038e-05,\n      -0.009918414208103379,\n      0.00043646563479861767,\n      0.000541578808559296,\n      0.0006824089600536501,\n      0.00027340144831384427,\n      0.0020306254654392708,\n      0.0003761537784951369,\n      -0.0004449303476108398,\n      0.002679239494974356,\n      -0.00037079946148747215,\n      -0.004836229913504155,\n      0.0008031122281588045,\n      0.00043646563479861767,\n      -0.0021607548894578793,\n      -0.0001403660617603604,\n      -0.004654023814839124,\n      0.00034423107136436176,\n      -0.0009087655449454339,\n      0.0018068860459814397,\n      0.0008705718669815829,\n      -0.0007403659802513788,\n      -0.008685361744869146,\n      0.0010467683483227443,\n      0.0015597382606653309,\n      0.000541578808559296,\n      -0.0001403660617603604,\n      -0.014393561575604083,\n      -0.01505521905488134,\n      -0.0009488959631383566,\n      0.0011573067595555186,\n      -0.0003898789492530818,\n      0.000139572516618064,\n      0.0004155759983350089,\n      -0.0016924867939067784,\n      0.013901490599505064,\n      0.000529303353275456,\n      0.00161525117809347,\n      0.0006824090197102004,\n      -0.004654023932263052,\n      -0.0009488959631383566,\n      -0.005933225840832517,\n      -0.001102083350646197,\n      0.000558598756314003,\n      0.009247314962070218,\n      0.0025187621882951116,\n      -0.0036190674169469562,\n      -0.0018576242847102276,\n      0.0008365663460893375,\n      0.0009294996308843045,\n      0.0002734014065725954,\n      0.00034423104776401216,\n      0.0011573067595555186,\n      -0.001102083350646197,\n      -0.0039142084852387925,\n      -0.00083988017220585,\n      -0.0002952048682427809,\n      -0.009413163699471374,\n      -0.001857173447756901,\n      0.0024839819750268172,\n      0.0016032536808026675,\n      0.006606972489820108,\n      0.0003761538431563491,\n      0.0018068860572060248,\n      -0.0003898789492530818,\n      0.000558598756314003,\n      -0.00083988017220585,\n      -0.010573959060989556,\n      0.0022129687328883833,\n      0.0029305860024809683,\n      -0.009089955963326821,\n      -0.0033153851865777954,\n      -0.003516664004209549,\n      0.0022286052331723515,\n      0.002030625497708257,\n      -0.0009087655004891434,\n      0.000139572516618064,\n      0.009247314962070218,\n      -0.0002952048682427809,\n      0.0022129687328883833,\n      -0.00848234519659312,\n      -0.00040663544226333687,\n      -0.001065234818120838,\n      0.0006644992723583277,\n      0.001458123248365095,\n      0.0024868351536349344,\n      -0.0004449303230183349,\n      0.0008705718873049851,\n      0.0004155759983350089,\n      0.0025187621882951116,\n      -0.009413163699471374,\n      0.0029305860024809683,\n      -0.00040663544226333687,\n      -0.013514016192837205,\n      -6.430754860064993e-05,\n      -0.004284293979242605,\n      0.004415911378646786,\n      -0.003584231585768407,\n      0.002679239435471687,\n      -0.0007403662546804934,\n      -0.0016924867939067784,\n      -0.0036190674169469562,\n      -0.001857173447756901,\n      -0.009089955963326821,\n      -0.001065234818120838,\n      -6.430754860064993e-05,\n      -0.00972348717578974,\n      -0.00038244967630958454,\n      0.00270181804420815,\n      0.0009136626637624915,\n      -0.004836229891097072,\n      0.0010467683043278476,\n      0.013901490599505064,\n      -0.0018576242847102276,\n      0.0024839819750268172,\n      -0.0033153851865777954,\n      0.0006644992723583277,\n      -0.004284293979242605,\n      -0.00038244967630958454,\n      -0.003921199442644765,\n      -0.0029900922308370476,\n      0.012230661783424737,\n      -0.000370799494291787,\n      -0.008685361713942748,\n      0.000529303353275456,\n      0.0008365663460893375,\n      0.0016032536808026675,\n      -0.003516664004209549,\n      0.001458123248365095,\n      0.004415911378646786,\n      0.00270181804420815,\n      -0.0029900922308370476,\n      -0.009918414304339568,\n      1.4081683773330806e-05,\n      0.0004364656333410457,\n      0.0005415788222679883,\n      0.00161525117809347,\n      0.0009294996308843045,\n      0.006606972489820108,\n      0.0022286052331723515,\n      0.0024868351536349344,\n      -0.003584231585768407,\n      0.0009136626637624915,\n      0.012230661783424737,\n      1.4081683773330806e-05,\n      -0.0033182048104884454,\n      0.0008031122492447402,\n      0.001559738197343737,\n      0.0006824090197102004,\n      0.0002734014065725954,\n      0.0003761538431563491,\n      0.002030625497708257,\n      -0.0004449303230183349,\n      0.002679239435471687,\n      -0.004836229891097072,\n      -0.000370799494291787,\n      0.0004364656333410457,\n      0.0008031122492447402,\n      -0.002160754890775517,\n      -0.0001403660706598869,\n      -0.004654023932263052,\n      0.00034423104776401216,\n      0.0018068860572060248,\n      -0.0009087655004891434,\n      0.0008705718873049851,\n      -0.0007403662546804934,\n      0.0010467683043278476,\n      -0.008685361713942748,\n      0.0005415788222679883,\n      0.001559738197343737,\n      -0.0001403660706598869,\n      -0.014393561978065983,\n      -0.007551916154121111,\n      -0.010415669702326135,\n      -0.020481513242964874,\n      0.019824848700950356,\n      -0.00045256832280333407,\n      -0.020895929963795714,\n      0.0016152511686442581,\n      0.000529303353275456,\n      0.045546624543833285,\n      -0.004183045514257829,\n      -0.0057781337907626944,\n      -0.019696547730290198,\n      -0.010415669702326135,\n      0.029266779759176298,\n      -0.005056599681694548,\n      0.010918844377634393,\n      -0.013846428057874463,\n      0.005756452532958138,\n      -0.0009295010242669467,\n      -0.0008365671243711667,\n      -0.026139470804273018,\n      0.0013555417237732237,\n      -0.003820647998424312,\n      0.004635153588630866,\n      -0.020481513242964874,\n      -0.005056599681694548,\n      0.022213760034336172,\n      0.018328683524840024,\n      0.005034955268850105,\n      0.01265840319734624,\n      0.0038890971069280495,\n      0.013054630115600003,\n      0.004695876354774077,\n      -0.012920725114194363,\n      -0.007126450134101422,\n      0.00854874688156107,\n      0.019824848700950356,\n      0.010918844377634393,\n      0.018328683524840024,\n      0.09590420566565866,\n      0.000750449908447519,\n      -0.