MADNESS MRA-PNO INFORMATION
pairinfo=0,1,1.1,0.0,1.1,0.0,1.1,0.0,1.1,0.0,1.1,0.0,1.1,0.0,1.1,0.0,1.1,0.0,1.1,0.0,0.0,1.1
nuclear_repulsion=3.8201
occinfo=-0.663379,-0.663379,0.0105039,0.0105039,0.00364627,0.00364627,0.00235821,0.00235821,0.00177073,0.00177073,0.000299041,0.000299041,0.000279545,0.000279545,0.000192152,0.000192152,0.000128322,0.000128322,0.000126552,0.000126552,9.34581e-05,9.34581e-05
