MADNESS MRA-PNO INFORMATION
pairinfo=0,1,1.1,0.0,1.1,0.0,1.1,0.0,1.1,0.0,1.1,0.0,1.1,0.0,1.1,0.0
nuclear_repulsion=3.8201
occinfo=-0.663442,-0.663442,0.0104946,0.0104946,0.00355735,0.00355735,0.00225556,0.00225556,0.00174394,0.00174394,0.000288441,0.000288441,0.00027606,0.00027606,0.000119238,0.000119238
