{
  "schema": "schema-madresults",
  "kwargs": {},
  "geometry": "../mol.json",
  "n_pno": 14,
  "mol": "{\n  \"one_body_integrals\": {\n    \"shape\": [\n      16,\n      16\n    ],\n    \"data\": [\n      -2.1454833848474646,\n      0.5198782369159374,\n      -0.0014277615044406425,\n      0.0020568979896925504,\n      0.06061551751571228,\n      -0.3034055776075504,\n      1.4616439290619244e-15,\n      -1.5491402394303937e-14,\n      -0.16074333188602433,\n      -0.011275602556357095,\n      -0.06886116349060493,\n      -0.0029015711098611396,\n      0.008950427092172433,\n      0.0003536025975958562,\n      0.006942386069046,\n      0.032896795952294555,\n      0.5198782369159374,\n      -2.1454833847818673,\n      -0.0020568986073786193,\n      0.0014277612324937725,\n      0.30340557797980905,\n      -0.060615517824083254,\n      9.763781618266619e-15,\n      -5.9895878167273095e-15,\n      0.011275603348506559,\n      0.16074333154107961,\n      -0.002901573305452154,\n      -0.06886116868107217,\n      -0.00035360285636872046,\n      -0.008950421443229457,\n      -0.032896796048520416,\n      -0.006942385911724205,\n      -0.0014277615044406425,\n      -0.0020568986073786193,\n      -1.3478179457559645,\n      0.42893179302503076,\n      -0.0010098850767960195,\n      0.003523988144127848,\n      -8.883977979413014e-16,\n      -5.548709544304922e-16,\n      0.000850288591387565,\n      -0.008028707527074977,\n      -0.02281140630538253,\n      0.02932070969545348,\n      -0.20200036481365258,\n      -0.22826943870090438,\n      -0.0009633437814429687,\n      0.006794280288616193,\n      0.0020568979896925504,\n      0.0014277612324937725,\n      0.42893179302503076,\n      -1.3478179449653593,\n      0.0035239899368818706,\n      -0.0010098850674491473,\n      -2.302405377467611e-16,\n      1.114665971721104e-16,\n      -0.008028707973759243,\n      0.0008502884744663953,\n      -0.02932073107799251,\n      0.0228113941000615,\n      -0.22826943661705895,\n      -0.2020003841550584,\n      0.006794279554021721,\n      -0.0009633432285000706,\n      0.06061551751571228,\n      0.30340557797980905,\n      -0.0010098850767960195,\n      0.0035239899368818706,\n      -0.7257177318378454,\n      -0.001168529788755951,\n      8.719909024236682e-15,\n      -1.0915039112985716e-14,\n      0.0005864823167819645,\n      -0.2799784203593501,\n      0.13094465846110281,\n      0.3479736696273149,\n      -0.013977703381876767,\n      0.04642881316620981,\n      -0.03349408856096037,\n      -0.01332352607860851,\n      -0.3034055776075504,\n      -0.060615517824083254,\n      0.003523988144127848,\n      -0.0010098850674491473,\n      -0.001168529788755951,\n      -0.7257177310261045,\n      6.377854079431618e-15,\n      9.327507792442533e-15,\n      -0.27997842252734073,\n      0.0005864818786703897,\n      -0.34797366405789765,\n      -0.13094466497511176,\n      0.046428843482182486,\n      -0.013977690999585922,\n      -0.013323525039082351,\n      -0.03349409189975938,\n      1.4616439290619244e-15,\n      9.763781618266619e-15,\n      -8.883977979413014e-16,\n      -2.302405377467611e-16,\n      8.719909024236682e-15,\n      6.377854079431618e-15,\n      -0.8313461276066505,\n      -0.3460925875019676,\n      2.3866398222039412e-14,\n      -3.1092044378020916e-14,\n      3.002748236495029e-14,\n      2.3219580848954664e-14,\n      -4.306221218882952e-15,\n      4.853772605607459e-15,\n      3.0673363861102506e-14,\n      -3.3539022622137375e-14,\n      -1.5491402394303937e-14,\n      -5.9895878167273095e-15,\n      -5.548709544304922e-16,\n      1.114665971721104e-16,\n      -1.0915039112985716e-14,\n      9.327507792442533e-15,\n      -0.3460925875019676,\n      -0.8313461276129379,\n      -4.407460627662595e-14,\n      3.407111965840437e-14,\n      -1.8532940824121825e-14,\n      -5.711527408659445e-14,\n      2.889652418194465e-15,\n      -9.446654977939615e-15,\n      -2.208523920950852e-14,\n      4.211508946454004e-14,\n      -0.16074333188602433,\n      0.011275603348506559,\n      0.000850288591387565,\n      -0.008028707973759243,\n      0.0005864823167819645,\n      -0.27997842252734073,\n      2.3866398222039412e-14,\n      -4.407460627662595e-14,\n      -0.4368090310730739,\n      -0.32022127119303384,\n      0.01887724299592354,\n      -0.039216849232654144,\n      0.0003783012705123705,\n      -0.0017439140741142209,\n      -0.19185095966885324,\n      -0.1678816477781515,\n      -0.011275602556357095,\n      0.16074333154107961,\n      -0.008028707527074977,\n      0.0008502884744663953,\n      -0.2799784203593501,\n      0.0005864818786703897,\n      -3.1092044378020916e-14,\n      3.407111965840437e-14,\n      -0.32022127119303384,\n      -0.43680903114384817,\n      0.03921684682677032,\n      -0.018877241966251117,\n      -0.0017439185689277527,\n      0.0003783022891317347,\n      -0.16788164811843176,\n      -0.19185095997810864,\n      -0.06886116349060493,\n      -0.002901573305452154,\n      -0.02281140630538253,\n      -0.02932073107799251,\n      0.13094465846110281,\n      -0.34797366405789765,\n      3.002748236495029e-14,\n      -1.8532940824121825e-14,\n      0.01887724299592354,\n      0.03921684682677032,\n      0.5737637917372691,\n      0.269401362259857,\n      -0.028610534261422994,\n      0.08087413578245999,\n      -0.11834675689839075,\n      0.19692274658711587,\n      -0.0029015711098611396,\n      -0.06886116868107217,\n      0.02932070969545348,\n      0.0228113941000615,\n      0.3479736696273149,\n      -0.13094466497511176,\n      2.3219580848954664e-14,\n      -5.711527408659445e-14,\n      -0.039216849232654144,\n      -0.018877241966251117,\n      0.269401362259857,\n      0.5737637934154622,\n      -0.08087412867702687,\n      0.02861052116133124,\n      -0.19692274847091917,\n      0.1183467588875822,\n      0.008950427092172433,\n      -0.00035360285636872046,\n      -0.20200036481365258,\n      -0.22826943661705895,\n      -0.013977703381876767,\n      0.046428843482182486,\n      -4.306221218882952e-15,\n      2.889652418194465e-15,\n      0.0003783012705123705,\n      -0.0017439185689277527,\n      -0.028610534261422994,\n      -0.08087412867702687,\n      0.4266737693429774,\n      0.34176433304083387,\n      0.012515264415487642,\n      -0.03715393208800132,\n      0.0003536025975958562,\n      -0.008950421443229457,\n      -0.22826943870090438,\n      -0.2020003841550584,\n      0.04642881316620981,\n      -0.013977690999585922,\n      4.853772605607459e-15,\n      -9.446654977939615e-15,\n      -0.0017439140741142209,\n      0.0003783022891317347,\n      0.08087413578245999,\n      0.02861052116133124,\n      0.34176433304083387,\n      0.426673763853306,\n      -0.037153915031696134,\n      0.01251525469723025,\n      0.006942386069046,\n      -0.032896796048520416,\n      -0.0009633437814429687,\n      0.006794279554021721,\n      -0.03349408856096037,\n      -0.013323525039082351,\n      3.0673363861102506e-14,\n      -2.208523920950852e-14,\n      -0.19185095966885324,\n      -0.16788164811843176,\n      -0.11834675689839075,\n      -0.19692274847091917,\n      0.012515264415487642,\n      -0.037153915031696134,\n      1.404378372200648,\n      -0.9454926863561015,\n      0.032896795952294555,\n      -0.006942385911724205,\n      0.006794280288616193,\n      -0.0009633432285000706,\n      -0.01332352607860851,\n      -0.03349409189975938,\n      -3.3539022622137375e-14,\n      4.211508946454004e-14,\n      -0.1678816477781515,\n      -0.19185095997810864,\n      0.19692274658711587,\n      0.1183467588875822,\n      -0.03715393208800132,\n      0.01251525469723025,\n      -0.9454926863561015,\n      1.4043783734099073\n    ]\n  },\n  \"two_body_integrals\": {\n    \"shape\": [\n      16,\n      16,\n      16,\n      16\n    ],\n    \"data\": [\n      0.6378215590253055,\n      -0.06849502877229635,\n      0.00022756229298324005,\n      -0.001862587777168286,\n      -0.04716845481243137,\n      0.1673032703559723,\n      -1.6622987708547754e-15,\n      9.586949289985824e-15,\n      0.019150025097198403,\n      -0.05535747013362731,\n      0.030541312585161906,\n      0.0006517457968693904,\n      -0.0038274353320109414,\n      -6.574633925696734e-05,\n      0.006517481985968535,\n      -0.01847674748561392,\n      -0.06849502877229635,\n      0.4388428247223836,\n      0.00013975541294602187,\n      -0.0007942267625127726,\n      -0.06481258630128524,\n      -0.011647416972611234,\n      -1.5100767858378106e-15,\n      -4.0093796338513954e-16,\n      -0.04249113547446899,\n      -0.08305664111752585,\n      -0.003995878836862852,\n      0.02049541354985091,\n      0.0008653045843804411,\n      0.0028467439593570913,\n      0.00802803886514284,\n      0.01519208699615936,\n      0.00022756229298324005,\n      0.00013975541294602187,\n      0.4438611373139234,\n      -0.004510245906853779,\n      0.00040181653240857224,\n      -0.0005887566835967009,\n      1.2858637765678083e-16,\n      1.6263032587282567e-18,\n      -0.00022019465289316482,\n      -4.814763904106774e-05,\n      -0.011706843249021246,\n      -0.0009934823238461643,\n      -0.08493474741444085,\n      0.006098916115158676,\n      0.0009189803743376176,\n      -0.00042097985976530635,\n      -0.001862587777168286,\n      -0.0007942267625127726,\n      -0.004510245906853779,\n      0.6722277887954774,\n      -0.0005227419512104617,\n      -0.00101278411005432,\n      -7.719519468096792e-17,\n      -1.1384122811097797e-16,\n      0.001488539136428886,\n      -0.0007616711291510009,\n      -0.001365050581809219,\n      0.01646884112751311,\n      -0.010636389235953973,\n      -0.12888922574753844,\n      0.0003716988187373871,\n      -0.001036543792753448,\n      -0.04716845481243137,\n      -0.06481258630128524,\n      0.00040181653240857224,\n      -0.0005227419512104617,\n      0.4237743930278824,\n      -0.03039893647131175,\n      3.226585665316861e-16,\n      -5.471209423013601e-15,\n      0.016094074511176282,\n      -0.03842959459571725,\n      0.02967885640419283,\n      0.023217906503607593,\n      -0.004497020414984739,\n      0.0032080012591424057,\n      -0.07877318276083382,\n      -0.023564844424266058,\n      0.1673032703559723,\n      -0.011647416972611234,\n      -0.0005887566835967009,\n      -0.00101278411005432,\n      -0.03039893647131175,\n      0.6045723361691299,\n      -5.470450481492861e-15,\n      -7.936359902593892e-17,\n      -0.01261253908163188,\n      -0.0005700839801971334,\n      -0.004119554449303689,\n      -0.07413156717914042,\n      0.0013205319399442249,\n      -0.008699373253046733,\n      0.04434718409157758,\n      -0.0565795922587055,\n      -1.6622987708547754e-15,\n      -1.5100767858378106e-15,\n      1.2858637765678083e-16,\n      -7.719519468096792e-17,\n      3.226585665316861e-16,\n      -5.470450481492861e-15,\n      0.4266865141764187,\n      0.01624029423598668,\n      2.3115190317390955e-15,\n      -1.729194044897131e-15,\n      4.4267974702583146e-15,\n      -9.01730946856194e-16,\n      -7.667477763817487e-16,\n      -1.857238321467669e-16,\n      2.310651670001107e-15,\n      3.5995512126518747e-16,\n      9.586949289985824e-15,\n      -4.0093796338513954e-16,\n      1.6263032587282567e-18,\n      -1.1384122811097797e-16,\n      -5.471209423013601e-15,\n      -7.936359902593892e-17,\n      0.01624029423598668,\n      0.6362546629407496,\n      -3.3087681899912624e-15,\n      5.781833345430698e-15,\n      1.5611427081618778e-15,\n      -1.3427193384929481e-14,\n      -1.953732314818879e-16,\n      -2.6124935548210715e-15,\n      -1.1712636069360904e-15,\n      9.7420986208685e-15,\n      0.019150025097198403,\n      -0.04249113547446899,\n      -0.00022019465289316482,\n      0.001488539136428886,\n      0.016094074511176282,\n      -0.01261253908163188,\n      2.3115190317390955e-15,\n      -3.3087681899912624e-15,\n      0.3835715536456416,\n      0.07469555201701586,\n      0.004996232592654853,\n      -0.020643559204252475,\n      -0.0010602729979832224,\n      -0.003009894900134447,\n      -0.0397426417075046,\n      -0.05619348976021726,\n      -0.05535747013362731,\n      -0.08305664111752585,\n      -4.814763904106774e-05,\n      -0.0007616711291510009,\n      -0.03842959459571725,\n      -0.0005700839801971334,\n      -1.729194044897131e-15,\n      5.781833345430698e-15,\n      0.07469555201701586,\n      0.5427675060935191,\n      0.032340058268096564,\n      0.012876016033973283,\n      -0.00394017355361323,\n      0.001577266734563616,\n      1.6794187788294235e-05,\n      -0.11141741689848311,\n      0.030541312585161906,\n      -0.003995878836862852,\n      -0.011706843249021246,\n      -0.001365050581809219,\n      0.02967885640419283,\n      -0.004119554449303689,\n      4.4267974702583146e-15,\n      1.5611427081618778e-15,\n      0.004996232592654853,\n      0.032340058268096564,\n      0.44418229015365196,\n      -0.024411518465937265,\n      -0.0037439315186731832,\n      -0.0037588273376228986,\n      -0.009502158542352665,\n      0.006623839480194929,\n      0.0006517457968693904,\n      0.02049541354985091,\n      -0.0009934823238461643,\n      0.01646884112751311,\n      0.023217906503607593,\n      -0.07413156717914042,\n      -9.01730946856194e-16,\n      -1.3427193384929481e-14,\n      -0.020643559204252475,\n      0.012876016033973283,\n      -0.024411518465937265,\n      0.6695977916387935,\n      0.004123226673187335,\n      0.005693758695401414,\n      0.007025877441966667,\n      -0.00044725410476803215,\n      -0.0038274353320109414,\n      0.0008653045843804411,\n      -0.08493474741444085,\n      -0.010636389235953973,\n      -0.004497020414984739,\n      0.0013205319399442249,\n      -7.667477763817487e-16,\n      -1.953732314818879e-16,\n      -0.0010602729979832224,\n      -0.00394017355361323,\n      -0.0037439315186731832,\n      0.004123226673187335,\n      0.41855333770731334,\n      -0.00448744818057248,\n      0.0012177517046427651,\n      -0.0009479728430025606,\n      -6.574633925696734e-05,\n      0.0028467439593570913,\n      0.006098916115158676,\n      -0.12888922574753844,\n      0.0032080012591424057,\n      -0.008699373253046733,\n      -1.857238321467669e-16,\n      -2.6124935548210715e-15,\n      -0.003009894900134447,\n      0.001577266734563616,\n      -0.0037588273376228986,\n      0.005693758695401414,\n      -0.00448744818057248,\n      0.631334878858948,\n      0.0011598967276533483,\n      -0.0007298198270168409,\n      0.006517481985968535,\n      0.00802803886514284,\n      0.0009189803743376176,\n      0.0003716988187373871,\n      -0.07877318276083382,\n      0.04434718409157758,\n      2.310651670001107e-15,\n      -1.1712636069360904e-15,\n      -0.0397426417075046,\n      1.6794187788294235e-05,\n      -0.009502158542352665,\n      0.007025877441966667,\n      0.0012177517046427651,\n      0.0011598967276533483,\n      0.4430256856783323,\n      -0.060344201829455636,\n      -0.01847674748561392,\n      0.01519208699615936,\n      -0.00042097985976530635,\n      -0.001036543792753448,\n      -0.023564844424266058,\n      -0.0565795922587055,\n      3.5995512126518747e-16,\n      9.7420986208685e-15,\n      -0.05619348976021726,\n      -0.11141741689848311,\n      0.006623839480194929,\n      -0.00044725410476803215,\n      -0.0009479728430025606,\n      -0.0007298198270168409,\n      -0.060344201829455636,\n      0.6463949834303102,\n      -0.06849502877229635,\n      0.03345736295194072,\n      -0.0001235489861060846,\n      -0.00017484140963514635,\n      0.006409992118371857,\n      -0.03674105019785442,\n      2.8666305440516737e-16,\n      -2.1653685788880495e-15,\n      -0.01832379285201552,\n      -0.02454729089235655,\n      -0.010193359467930412,\n      0.0026572990043015007,\n      0.001473412071952798,\n      0.0005128848502858117,\n      0.00162524471451555,\n      0.0169079861551115,\n      0.03345736295194072,\n      -0.06849473575317452,\n      0.00017484136304075307,\n      0.0001235489317486726,\n      0.03674105020385801,\n      -0.006409992143105811,\n      1.1986939218999737e-15,\n      -7.292343812137503e-16,\n      0.02454729085771363,\n      0.0183237928526801,\n      0.0026572989720759083,\n      -0.010193359688027585,\n      -0.000512885061919599,\n      -0.0014734111560300136,\n      -0.016907986162017316,\n      -0.0016252447047254222,\n      -0.0001235489861060846,\n      0.00017484136304075307,\n      -0.07513962996291701,\n      0.008609188262826088,\n      -0.0001616095095081688,\n      0.000265981630029967,\n      -6.353424730765056e-17,\n      1.5829351718288365e-17,\n      0.0002483238217255463,\n      -7.950633181417306e-05,\n      0.006358183762944725,\n      0.00016452343269475616,\n      0.044995732297773566,\n      -0.001401463174117379,\n      -0.00042900603348618323,\n      0.00017537575587576516,\n      -0.00017484140963514635,\n      0.0001235489317486726,\n      0.008609188262826088,\n      -0.07513963014306531,\n      0.00026598170350439687,\n      -0.0001616094280148465,\n      3.117081245895825e-17,\n      7.45931094670027e-17,\n      -7.950625759648258e-05,\n      0.0002483237969994293,\n      -0.00016452348649021733,\n      -0.006358179794678079,\n      -0.0014014631975306367,\n      0.04499573284218665,\n      0.00017537573538464832,\n      -0.00042900602463735683,\n      0.006409992118371857,\n      0.03674105020385801,\n      -0.0001616095095081688,\n      0.00026598170350439687,\n      -0.06276189997052965,\n      0.0045204658495785095,\n      -1.5525775109992423e-16,\n      2.6399238697849547e-15,\n      -0.0015013748010367276,\n      0.002742644634803745,\n      -0.017053018613097833,\n      -0.0031372360126918288,\n      0.0026486375416097437,\n      -0.0006126126569275455,\n      0.03843616264972932,\n      -0.006290501153207013,\n      -0.03674105019785442,\n      -0.006409992143105811,\n      0.000265981630029967,\n      -0.0001616094280148465,\n      0.0045204658495785095,\n      -0.06276190016742084,\n      1.90429269575354e-15,\n      -4.069010753338098e-16,\n      0.002742644705381561,\n      -0.0015013748212814417,\n      0.0031372363280066764,\n      0.0170530188926648,\n      -0.000612612827344917,\n      0.002648636006634795,\n      -0.006290501167254559,\n      0.0384361627232519,\n      2.8666305440516737e-16,\n      1.1986939218999737e-15,\n      -6.353424730765056e-17,\n      3.117081245895825e-17,\n      -1.5525775109992423e-16,\n      1.90429269575354e-15,\n      -0.06345679334167188,\n      -0.012377758482073835,\n      -1.2468324983583301e-15,\n      3.9866113882292e-16,\n      -2.2907023500273738e-15,\n      8.283304597789254e-16,\n      3.957337929572091e-16,\n      1.3574211199518516e-16,\n      -1.2490009027033011e-15,\n      -5.971785566050158e-16,\n      -2.1653685788880495e-15,\n      -7.292343812137503e-16,\n      1.5829351718288365e-17,\n      7.45931094670027e-17,\n      2.6399238697849547e-15,\n      -4.069010753338098e-16,\n      -0.012377758482073835,\n      -0.06345679333201043,\n      1.29171846829923e-15,\n      -2.4501884895999915e-15,\n      -7.733614096339103e-16,\n      4.360335877084953e-15,\n      1.0533024105696676e-16,\n      8.933825901280557e-16,\n      -3.0401028916493544e-16,\n      -2.040793749269465e-15,\n      -0.01832379285201552,\n      0.02454729085771363,\n      0.0002483238217255463,\n      -7.950625759648258e-05,\n      -0.0015013748010367276,\n      0.002742644705381561,\n      -1.2468324983583301e-15,\n      1.29171846829923e-15,\n      -0.03382030580520103,\n      -0.021082891659904946,\n      -0.006686890813603317,\n      0.009313729253665751,\n      0.0010874423344690524,\n      0.00138645026694075,\n      0.020825497933068052,\n      0.012999901384409818,\n      -0.02454729089235655,\n      0.0183237928526801,\n      -7.950633181417306e-05,\n      0.0002483237969994293,\n      0.002742644634803745,\n      -0.0015013748212814417,\n      3.9866113882292e-16,\n      -2.4501884895999915e-15,\n      -0.021082891659904946,\n      -0.03382030577615642,\n      -0.009313729118811289,\n      0.006686890875861603,\n      0.0013864511066393106,\n      0.0010874418146683083,\n      0.01299990140958817,\n      0.02082549794732892,\n      -0.010193359467930412,\n      0.0026572989720759083,\n      0.006358183762944725,\n      -0.00016452348649021733,\n      -0.017053018613097833,\n      0.0031372363280066764,\n      -2.2907023500273738e-15,\n      -7.733614096339103e-16,\n      -0.006686890813603317,\n      -0.009313729118811289,\n      -0.07669637937634477,\n      0.01255559947695551,\n      0.0012354662234252936,\n      0.0023497523253965865,\n      0.008861411842779502,\n      0.001716741591861428,\n      0.0026572990043015007,\n      -0.010193359688027585,\n      0.00016452343269475616,\n      -0.006358179794678079,\n      -0.0031372360126918288,\n      0.0170530188926648,\n      8.283304597789254e-16,\n      4.360335877084953e-15,\n      0.009313729253665751,\n      0.006686890875861603,\n      0.01255559947695551,\n      -0.07669637938149962,\n      -0.0023497530154535603,\n      -0.0012354657303418524,\n      -0.0017167418941663197,\n      -0.008861411872097836,\n      0.001473412071952798,\n      -0.000512885061919599,\n      0.044995732297773566,\n      -0.0014014631975306367,\n      0.0026486375416097437,\n      -0.000612612827344917,\n      3.957337929572091e-16,\n      1.0533024105696676e-16,\n      0.0010874423344690524,\n      0.0013864511066393106,\n      0.0012354662234252936,\n      -0.0023497530154535603,\n      -0.06879690684020773,\n      0.005147823729397572,\n      -0.0011647299662254796,\n      -0.00019726979778556013,\n      0.0005128848502858117,\n      -0.0014734111560300136,\n      -0.001401463174117379,\n      0.04499573284218665,\n      -0.0006126126569275455,\n      0.002648636006634795,\n      1.3574211199518516e-16,\n      8.933825901280557e-16,\n      0.00138645026694075,\n      0.0010874418146683083,\n      0.0023497523253965865,\n      -0.0012354657303418524,\n      0.005147823729397572,\n      -0.06879690647871256,\n      -0.00019726962768741693,\n      -0.0011647292051645908,\n      0.00162524471451555,\n      -0.016907986162017316,\n      -0.00042900603348618323,\n      0.00017537573538464832,\n      0.03843616264972932,\n      -0.006290501167254559,\n      -1.2490009027033011e-15,\n      -3.0401028916493544e-16,\n      0.020825497933068052,\n      0.01299990140958817,\n      0.008861411842779502,\n      -0.0017167418941663197,\n      -0.0011647299662254796,\n      -0.00019726962768741693,\n      -0.0712548441664909,\n      0.01868624731306271,\n      0.0169079861551115,\n      -0.0016252447047254222,\n      0.00017537575587576516,\n      -0.00042900602463735683,\n      -0.006290501153207013,\n      0.0384361627232519,\n      -5.971785566050158e-16,\n      -2.040793749269465e-15,\n      0.012999901384409818,\n      0.02082549794732892,\n      0.001716741591861428,\n      -0.008861411872097836,\n      -0.00019726979778556013,\n      -0.0011647292051645908,\n      0.01868624731306271,\n      -0.0712548441901158,\n      0.00022756229298324005,\n      -0.0001235489861060846,\n      0.009224605169434182,\n      -0.008558097590038402,\n      0.00016871349857244702,\n      -6.78658598033976e-05,\n      3.350184712980209e-17,\n      3.122502256758253e-17,\n      0.00017276726441778134,\n      6.981923016564809e-05,\n      -0.0008002459273821997,\n      -0.0008568475120198078,\n      -0.005568470220782451,\n      0.0064974571432387185,\n      0.00013573702541184188,\n      -0.0001396173352771167,\n      -0.0001235489861060846,\n      0.0007942268330155262,\n      -0.021882853519477153,\n      0.0063563122611623064,\n      -0.0003690276535993238,\n      0.00020761681709284693,\n      -5.171644362755856e-17,\n      8.998878031629687e-18,\n      0.00023477604528295763,\n      -2.2897567115226654e-05,\n      0.0025347622897426174,\n      0.0003545576471218776,\n      0.0176861934112143,\n      -0.0023973600706433673,\n      -0.00018191970922964333,\n      9.239658722571707e-05,\n      0.009224605169434182,\n      -0.021882853519477153,\n      0.0013680088147879233,\n      -2.6733314466264907e-05,\n      0.011263808062106232,\n      -0.00441509638076006,\n      4.0028744208164824e-16,\n      -5.969617161705187e-16,\n      0.009908448500093602,\n      0.00446620172667107,\n      -0.018377894589648162,\n      0.0014816666104953422,\n      0.001975150331617873,\n      0.00020016983987045496,\n      -0.009173526699311482,\n      0.005172774728022677,\n      -0.008558097590038402,\n      0.0063563122611623064,\n      -2.6733314466264907e-05,\n      5.981745994222779e-05,\n      0.0036461115637908357,\n      -6.134293662432783e-06,\n      1.3913024378420236e-16,\n      -1.1232334506949826e-16,\n      -0.005042592553174486,\n      -0.009452179325938524,\n      0.0015882485537680622,\n      -0.007186420545695432,\n      -0.00016616552515087547,\n      -0.0009211180161405523,\n      -0.0013619726736459525,\n      0.004154431563638805,\n      0.00016871349857244702,\n      -0.0003690276535993238,\n      0.011263808062106232,\n      0.0036461115637908357,\n      0.0006114032974905381,\n      -2.9213585613789333e-05,\n      2.3960868011929648e-17,\n      -3.12792326762068e-17,\n      3.87940315360618e-05,\n      7.494171311183129e-05,\n      -0.0019373754680810057,\n      -4.678782177017438e-05,\n      -0.014844994744446996,\n      0.0006669155038445387,\n      -6.953551414955791e-05,\n      0.00019204344966364847,\n      -6.78658598033976e-05,\n      0.00020761681709284693,\n      -0.00441509638076006,\n      -6.134293662432783e-06,\n      -2.9213585613789333e-05,\n      0.00018818875307626806,\n      8.456776945386935e-18,\n      2.0166160408230382e-17,\n      -0.00014665273581295935,\n      -8.829318507521757e-05,\n      -5.508687572518777e-05,\n      -0.000637659468522531,\n      -0.0006660690737503479,\n      0.0042349144294194785,\n      -0.0001366821120131046,\n      -8.134035903752297e-05,\n      3.350184712980209e-17,\n      -5.171644362755856e-17,\n      4.0028744208164824e-16,\n      1.3913024378420236e-16,\n      2.3960868011929648e-17,\n      8.456776945386935e-18,\n      0.0006643751461885741,\n      2.319848704523085e-05,\n      2.0166160408230382e-17,\n      2.0491421059976034e-17,\n      -1.441988889405721e-16,\n      -1.1329912702473521e-17,\n      -4.497270611469872e-16,\n      -3.9132922163148676e-18,\n      3.2526065174565133e-19,\n      1.7997756063259374e-17,\n      3.122502256758253e-17,\n      8.998878031629687e-18,\n      -5.969617161705187e-16,\n      -1.1232334506949826e-16,\n      -3.12792326762068e-17,\n      2.0166160408230382e-17,\n      2.319848704523085e-05,\n      0.00018570572357150196,\n      -1.951563910473908e-17,\n      1.338989683019598e-17,\n      2.981555974335137e-17,\n      -5.2150124496552763e-17,\n      2.34783980451736e-16,\n      2.1871068324463838e-16,\n      -2.4665599424045226e-18,\n      2.6373217845709895e-17,\n      0.00017276726441778134,\n      0.00023477604528295763,\n      0.009908448500093602,\n      -0.005042592553174486,\n      3.87940315360618e-05,\n      -0.00014665273581295935,\n      2.0166160408230382e-17,\n      -1.951563910473908e-17,\n      0.00054751388638893,\n      9.932039197497534e-05,\n      -0.0005897339930059868,\n      -0.0005214437253554154,\n      -0.00455132295312868,\n      0.0037882382100436216,\n      -1.4534961789637482e-05,\n      -0.00011289067577155091,\n      6.981923016564809e-05,\n      -2.2897567115226654e-05,\n      0.00446620172667107,\n      -0.009452179325938524,\n      7.494171311183129e-05,\n      -8.829318507521757e-05,\n      2.0491421059976034e-17,\n      1.338989683019598e-17,\n      9.932039197497534e-05,\n      0.0003091103668174949,\n      -0.0005772871305928452,\n      -0.00038345583314433807,\n      -0.004175783119497981,\n      0.003580501169986516,\n      5.256728379904129e-05,\n      -0.00016755971803002114,\n      -0.0008002459273821997,\n      0.0025347622897426174,\n      -0.018377894589648162,\n      0.0015882485537680622,\n      -0.0019373754680810057,\n      -5.508687572518777e-05,\n      -1.441988889405721e-16,\n      2.981555974335137e-17,\n      -0.0005897339930059868,\n      -0.0005772871305928452,\n      0.0024383184714204644,\n      -0.0001774811089715184,\n      0.005160037434533966,\n      0.0013560970582569875,\n      0.0021942268628583074,\n      -0.0004384716502313833,\n      -0.0008568475120198078,\n      0.0003545576471218776,\n      0.0014816666104953422,\n      -0.007186420545695432,\n      -4.678782177017438e-05,\n      -0.000637659468522531,\n      -1.1329912702473521e-17,\n      -5.2150124496552763e-17,\n      -0.0005214437253554154,\n      -0.00038345583314433807,\n      -0.0001774811089715184,\n      -0.0002922722785303982,\n      0.00019651785785410918,\n      0.0016752193462508647,\n      6.232256791502359e-05,\n      0.0007945663954273625,\n      -0.005568470220782451,\n      0.0176861934112143,\n      0.001975150331617873,\n      -0.00016616552515087547,\n      -0.014844994744446996,\n      -0.0006660690737503479,\n      -4.497270611469872e-16,\n      2.34783980451736e-16,\n      -0.00455132295312868,\n      -0.004175783119497981,\n      0.005160037434533966,\n      0.00019651785785410918,\n      -0.00015584548810333764,\n      -0.00021779878033559107,\n      0.01713229783435323,\n      -0.0031354020169744503,\n      0.0064974571432387185,\n      -0.0023973600706433673,\n      0.00020016983987045496,\n      -0.0009211180161405523,\n      0.0006669155038445387,\n      0.0042349144294194785,\n      -3.9132922163148676e-18,\n      2.1871068324463838e-16,\n      0.0037882382100436216,\n      0.003580501169986516,\n      0.0013560970582569875,\n      0.0016752193462508647,\n      -0.00021779878033559107,\n      0.0003496061020588731,\n      -0.00023051127167562864,\n      -0.007547386013320034,\n      0.00013573702541184188,\n      -0.00018191970922964333,\n      -0.009173526699311482,\n      -0.0013619726736459525,\n      -6.953551414955791e-05,\n      -0.0001366821120131046,\n      3.2526065174565133e-19,\n      -2.4665599424045226e-18,\n      -1.4534961789637482e-05,\n      5.256728379904129e-05,\n      0.0021942268628583074,\n      6.232256791502359e-05,\n      0.01713229783435323,\n      -0.00023051127167562864,\n      0.0004403697586120751,\n      -5.4259725735506165e-05,\n      -0.0001396173352771167,\n      9.239658722571707e-05,\n      0.005172774728022677,\n      0.004154431563638805,\n      0.00019204344966364847,\n      -8.134035903752297e-05,\n      1.7997756063259374e-17,\n      2.6373217845709895e-17,\n      -0.00011289067577155091,\n      -0.00016755971803002114,\n      -0.0004384716502313833,\n      0.0007945663954273625,\n      -0.0031354020169744503,\n      -0.007547386013320034,\n      -5.4259725735506165e-05,\n      0.000264489947124476,\n      -0.001862587777168286,\n      -0.00017484140963514635,\n      -0.008558097590038402,\n      0.17436746407397535,\n      -5.0724898710838425e-05,\n      -0.0006745369393651214,\n      -3.707971429900425e-17,\n      -8.239936510889834e-18,\n      0.0007734751109103932,\n      -7.152042458790243e-05,\n      0.0005852669694728176,\n      0.0049028929984917995,\n      0.004237594054413746,\n      -0.03983458220797008,\n      6.647471814140584e-05,\n      -0.0003423157385813169,\n      -0.00017484140963514635,\n      -0.0001397553341807216,\n      0.05614719284470471,\n      -0.02188369060641713,\n      0.000471993623897242,\n      -0.0002036886427748626,\n      -1.1709383462843448e-17,\n      6.505213034913027e-17,\n      -3.207545238823528e-05,\n      0.0004218413007296513,\n      -0.001469989334800431,\n      -0.004773227314738615,\n      -0.01249423044413138,\n      0.032700413384172906,\n      0.00046108253730343723,\n      -0.0006341173570120929,\n      -0.008558097590038402,\n      0.05614719284470471,\n      -0.0007783983274816351,\n      -0.00018293084179362665,\n      -0.003527154632146254,\n      0.016968122816826685,\n      1.9678269430611905e-17,\n      8.94629422626414e-16,\n      -0.017937192507605053,\n      -0.01789650193399101,\n      0.04658985226570453,\n      0.00206358631309287,\n      -0.0057463963019753475,\n      0.0002169221704096755,\n      0.010346362260955888,\n      -0.005467569228501796,\n      0.17436746407397535,\n      -0.02188369060641713,\n      -0.00018293084179362665,\n      9.633607243814124e-05,\n      -0.022670136862528674,\n      0.0553108342553094,\n      -1.0842021724855044e-19,\n      2.0597672872879613e-15,\n      -0.0008919992670485431,\n      -0.008412717975057571,\n      0.0031216818455221487,\n      0.1543130724414364,\n      1.995959513160302e-06,\n      0.02036340699695096,\n      0.02161614637819372,\n      -0.03344989486841366,\n      -5.0724898710838425e-05,\n      0.000471993623897242,\n      -0.003527154632146254,\n      -0.022670136862528674,\n      0.00011156467062524347,\n      0.00023396592657850233,\n      -2.8514517136368767e-17,\n      1.4821043697876846e-16,\n      -0.0003539054246407482,\n      -8.107937816549644e-05,\n      0.004854197770576699,\n      -0.0008760441998844049,\n      0.03670300009459508,\n      0.003346040918912661,\n      0.0004375313075419714,\n      -0.00024092791164993408,\n      -0.0006745369393651214,\n      -0.0002036886427748626,\n      0.016968122816826685,\n      0.0553108342553094,\n      0.00023396592657850233,\n      -0.002542970980036133,\n      -9.063930161978817e-17,\n      -3.217912047936977e-16,\n      0.0003818488895486153,\n      0.0004778764001346522,\n      -0.00070389173122627,\n      0.01663910950952028,\n      -0.003465447515610334,\n      -0.12305664635144778,\n      0.00034724660698652056,\n      -0.0007634904076055716,\n      -3.707971429900425e-17,\n      -1.1709383462843448e-17,\n      1.9678269430611905e-17,\n      -1.0842021724855044e-19,\n      -2.8514517136368767e-17,\n      -9.063930161978817e-17,\n      7.3928152441544645e-06,\n      0.00012091368774134987,\n      -2.1033522146218786e-17,\n      -5.778797579347739e-17,\n      4.2695881552479165e-16,\n      -1.6978606021123e-16,\n      1.2472661792273243e-15,\n      1.3421880794284302e-15,\n      3.404394821604484e-17,\n      2.2551405187698492e-17,\n      -8.239936510889834e-18,\n      6.505213034913027e-17,\n      8.94629422626414e-16,\n      2.0597672872879613e-15,\n      1.4821043697876846e-16,\n      -3.217912047936977e-16,\n      0.00012091368774134987,\n      -0.00212404779824317,\n      1.474514954580286e-16,\n      -3.4911309954033243e-16,\n      -8.847089727481716e-17,\n      9.194034422677078e-16,\n      -9.414398514234756e-16,\n      -6.698851542918938e-15,\n      6.982261990806649e-17,\n      -5.336443092973653e-16,\n      0.0007734751109103932,\n      -3.207545238823528e-05,\n      -0.017937192507605053,\n      -0.0008919992670485431,\n      -0.0003539054246407482,\n      0.0003818488895486153,\n      -2.1033522146218786e-17,\n      1.474514954580286e-16,\n      -0.00039858539085991965,\n      -0.00040606168740970445,\n      0.001905435230674864,\n      0.0037852183618700486,\n      0.015685610835413685,\n      -0.024546270597399257,\n      -0.0007163863818720586,\n      0.0010969221436098859,\n      -7.152042458790243e-05,\n      0.0004218413007296513,\n      -0.01789650193399101,\n      -0.008412717975057571,\n      -8.107937816549644e-05,\n      0.0004778764001346522,\n      -5.778797579347739e-17,\n      -3.4911309954033243e-16,\n      -0.00040606168740970445,\n      -0.0009044712375438316,\n      0.0018763286038016706,\n      0.0051359751138692076,\n      0.014210035161128363,\n      -0.0415029641291757,\n      -0.0011009034418484743,\n      0.002597702970860589,\n      0.0005852669694728176,\n      -0.001469989334800431,\n      0.04658985226570453,\n      0.0031216818455221487,\n      0.004854197770576699,\n      -0.00070389173122627,\n      4.2695881552479165e-16,\n      -8.847089727481716e-17,\n      0.001905435230674864,\n      0.0018763286038016706,\n      -0.0005034450264224213,\n      -0.0014435613419821476,\n      -0.0011078499842261703,\n      0.0002634099186415624,\n      -0.0025578758706904852,\n      0.00013255775234763162,\n      0.0049028929984917995,\n      -0.004773227314738615,\n      0.00206358631309287,\n      0.1543130724414364,\n      -0.0008760441998844049,\n      0.01663910950952028,\n      -1.6978606021123e-16,\n      9.194034422677078e-16,\n      0.0037852183618700486,\n      0.0051359751138692076,\n      -0.0014435613419821476,\n      -0.001145769356952122,\n      -0.010760739873321545,\n      -0.0025674277062128666,\n      0.004014930879991147,\n      -0.006973458561848431,\n      0.004237594054413746,\n      -0.01249423044413138,\n      -0.0057463963019753475,\n      1.995959513160302e-06,\n      0.03670300009459508,\n      -0.003465447515610334,\n      1.2472661792273243e-15,\n      -9.414398514234756e-16,\n      0.015685610835413685,\n      0.014210035161128363,\n      -0.0011078499842261703,\n      -0.010760739873321545,\n      -0.0005152583341683475,\n      -0.001818532321006572,\n      -0.021761213225094455,\n      0.0024135932652831348,\n      -0.03983458220797008,\n      0.032700413384172906,\n      0.0002169221704096755,\n      0.02036340699695096,\n      0.003346040918912661,\n      -0.12305664635144778,\n      1.3421880794284302e-15,\n      -6.698851542918938e-15,\n      -0.024546270597399257,\n      -0.0415029641291757,\n      0.0002634099186415624,\n      -0.0025674277062128666,\n      -0.001818532321006572,\n      -0.0009662402813510051,\n      -0.029083707602509692,\n      0.05175414120715118,\n      6.647471814140584e-05,\n      0.00046108253730343723,\n      0.010346362260955888,\n      0.02161614637819372,\n      0.0004375313075419714,\n      0.00034724660698652056,\n      3.404394821604484e-17,\n      6.982261990806649e-17,\n      -0.0007163863818720586,\n      -0.0011009034418484743,\n      -0.0025578758706904852,\n      0.004014930879991147,\n      -0.021761213225094455,\n      -0.029083707602509692,\n      0.0001049708372282427,\n      0.0005947056071729685,\n      -0.0003423157385813169,\n      -0.0006341173570120929,\n      -0.005467569228501796,\n      -0.03344989486841366,\n      -0.00024092791164993408,\n      -0.0007634904076055716,\n      2.2551405187698492e-17,\n      -5.336443092973653e-16,\n      0.0010969221436098859,\n      0.002597702970860589,\n      0.00013255775234763162,\n      -0.006973458561848431,\n      0.0024135932652831348,\n      0.05175414120715118,\n      0.0005947056071729685,\n      -0.0037496627673156476,\n      -0.04716845481243137,\n      0.006409992118371857,\n      0.00016871349857244702,\n      -5.0724898710838425e-05,\n      0.01813150320690073,\n      -0.0216989947267201,\n      2.2193618470778276e-16,\n      -1.490452726515823e-15,\n      0.008499328790819993,\n      0.005491337579711521,\n      -0.003663464101123052,\n      0.0012468550470274794,\n      0.0003039670910748749,\n      0.00021633716233510655,\n      -0.005926391926002484,\n      -0.002873029571771597,\n      0.006409992118371857,\n      0.011647417017669012,\n      -0.0002036887010603603,\n      0.00020761685031405518,\n      -0.010113821032816713,\n      0.003789556245710142,\n      6.635317295611287e-17,\n      1.0156805951844206e-15,\n      0.014475833007200286,\n      0.009704397264303433,\n      -0.004339822138879535,\n      -0.0009047408356625789,\n      0.0008177474908987975,\n      -0.00023705581036122036,\n      0.01179748102704551,\n      -0.003057843953380727,\n      0.00016871349857244702,\n      -0.0002036887010603603,\n      0.010874874744921477,\n      0.0021135980089282288,\n      -3.0636556593472385e-05,\n      -4.378680813877636e-06,\n      2.8189256484623115e-18,\n      -6.5052130349130266e-18,\n      2.6783394377981285e-05,\n      0.00020204603424651084,\n      -0.0005689913205214548,\n      0.00015223946701979323,\n   