MADNESS MRA-PNO INFORMATION
pairinfo=2,3,4,5,6,7,6.6,2.2,4.4,5.5,7.7,3.3,5.5,4.4
nuclear_repulsion=28.087
occinfo=-1.03667,-0.909754,-0.909754,-0.909754,-1.03667,-0.909754,0.0140093,0.0140093,0.00324915,0.00324915,0.00324915,0.00324915,0.00283848,0.00283848
