MADNESS MRA-PNO INFORMATION
pairinfo=0,1,1.1,0.0,1.1,0.0,1.1,0.0,0.0,1.1,1.1,0.0,0.0,1.1,1.1,0.0,0.0,1.1,1.1,0.0,1.1,0.0,0.0,1.1,0.0,1.1,0.0,1.1,0.0,1.1,1.1,0.0
nuclear_repulsion=3.8201
occinfo=-0.663407,-0.663407,0.0106434,0.0106434,0.00367308,0.00367308,0.00238684,0.00238684,0.00177252,0.00177252,0.000321576,0.000321576,0.000319313,0.000319313,0.000188662,0.000188662,0.000170987,0.000170987,0.000139933,0.000139933,0.000131744,0.000131744,0.000105684,0.000105684,8.75743e-05,8.75743e-05,6.40273e-05,6.40273e-05,3.33764e-05,3.33764e-05,3.33228e-05,3.33228e-05
