MADNESS MRA-PNO INFORMATION
pairinfo=0,1,0.0,1.1,0.0,1.1,1.1,0.0,1.1,0.0,0.0,1.1,0.0,1.1,1.1,0.0,0.0,1.1,1.1,0.0,0.0,1.1,0.0,1.1,0.0,1.1,0.0,1.1,0.0,1.1,0.0,1.1,1.1,0.0,1.1,0.0,0.0,1.1
nuclear_repulsion=3.8201
occinfo=-0.663442,-0.663442,0.0106441,0.0106441,0.00366843,0.00366843,0.00239024,0.00239024,0.00177631,0.00177631,0.000324193,0.000324193,0.000318811,0.000318811,0.000207215,0.000207215,0.000170636,0.000170636,0.000149139,0.000149139,0.000143165,0.000143165,0.000109992,0.000109992,8.4745e-05,8.4745e-05,6.4692e-05,6.4692e-05,3.32815e-05,3.32815e-05,2.85688e-05,2.85688e-05,2.28075e-05,2.28075e-05,1.64773e-05,1.64773e-05,1.43032e-05,1.43032e-05
