MADNESS MRA-PNO INFORMATION
pairinfo=1,2,3,4,1.1,3.3,4.4,2.2,4.4,2.2,3.3,1.1,2.2,1.1,3.3,4.4,4.4,2.2,3.3,1.1,2.2,4.4,3.3,1.1,1.1,2.2,3.3,4.4
nuclear_repulsion=13.4935
occinfo=-0.653975,-0.653975,-0.653975,-0.653975,0.00687895,0.00687895,0.00687895,0.00687895,0.0026636,0.0026636,0.0026636,0.0026636,0.00208264,0.00208263,0.00208263,0.00208263,0.00207485,0.00207485,0.00207485,0.00207485,0.000223709,0.000223708,0.000223708,0.000223708,0.000211121,0.000211121,0.00021112,0.00021112
