{
  "schema": "schema-madresults",
  "kwargs": {
    "name": "ch4",
    "frozen_core": true
  },
  "geometry": "mol.json",
  "n_pno": 12,
  "mol": "{\n  \"one_body_integrals\": {\n    \"shape\": [\n      16,\n      16\n    ],\n    \"data\": [\n      -3.7235056292206807,\n      0.12580387171190263,\n      -0.12580387918858235,\n      -0.1258038672077451,\n      -0.558847980435266,\n      -0.005507594126573825,\n      0.005508716053164669,\n      -0.005505001451490313,\n      -0.004548698996627417,\n      0.025826356627350538,\n      -0.024326364832514547,\n      0.027945108710575723,\n      5.123739492851338e-06,\n      0.014485187757934611,\n      1.6537770198128644e-07,\n      0.011595916877218363,\n      0.12580387171190263,\n      -3.723505630848448,\n      0.12580387060756518,\n      0.1258038824087105,\n      -0.0055053380283314295,\n      -0.55884612503525,\n      -0.005507812342603851,\n      0.005506089284849913,\n      3.5646786330199593e-06,\n      0.02296208728933391,\n      0.000368050948145304,\n      2.4607748004261832e-06,\n      -0.023230746802053885,\n      0.02830441626303877,\n      -0.01619043675864155,\n      -0.01658127144071384,\n      -0.12580387918858235,\n      0.12580387060756518,\n      -3.7235056323410767,\n      -0.1258038810049332,\n      0.005505738506596702,\n      -0.005507186371113044,\n      0.005508193356712647,\n      0.5588480022684315,\n      -0.0219298234072387,\n      -0.0028825138884163745,\n      9.347638948859415e-06,\n      -0.017911965593592975,\n      -0.02563264941878991,\n      3.6596141311851286e-06,\n      0.012018102255875768,\n      -0.02816130140921251,\n      -0.1258038672077451,\n      0.1258038824087105,\n      -0.1258038810049332,\n      -3.7235056324106193,\n      0.005506836893841294,\n      -0.005505772290768898,\n      -0.5588452840134982,\n      -0.005505781245874943,\n      0.026476637265001032,\n      3.416381287487893e-06,\n      0.024709663847621424,\n      -0.010034929543923146,\n      0.0024129101256862794,\n      0.013838627116298862,\n      -0.02821325522740402,\n      4.2222171104995695e-06,\n      -0.558847980435266,\n      -0.0055053380283314295,\n      0.005505738506596702,\n      0.005506836893841294,\n      -2.7127145096820904,\n      0.03186403628248288,\n      -0.03186340126008262,\n      0.031862713222035044,\n      -0.03311752703462608,\n      0.1880497606485394,\n      -0.17712694350460917,\n      0.20344406797082554,\n      -5.4459162047342316e-08,\n      0.10541147920554397,\n      -1.6651115097197303e-06,\n      0.08438885631154942,\n      -0.005507594126573825,\n      -0.55884612503525,\n      -0.005507186371113044,\n      -0.005505772290768898,\n      0.03186403628248288,\n      -2.7127125431386903,\n      0.03186237586435134,\n      -0.03186457429644032,\n      -1.3441634330522674e-06,\n      0.16711623409496132,\n      0.002720756507605499,\n      -4.018229069692632e-07,\n      -0.16909772606559073,\n      0.20609964071922737,\n      -0.11786882226491145,\n      -0.12066801173865874,\n      0.005508716053164669,\n      -0.005507812342603851,\n      0.005508193356712647,\n      -0.5588452840134982,\n      -0.03186340126008262,\n      0.03186237586435134,\n      -2.7127106609798264,\n      0.031864906066270335,\n      0.19275219317460857,\n      2.990395125699924e-06,\n      0.17985448703158396,\n      -0.07304017494309571,\n      0.017532723499418104,\n      0.10069826698743103,\n      -0.2053740336440894,\n      -8.861355866448487e-07,\n      -0.005505001451490313,\n      0.005506089284849913,\n      0.5588480022684315,\n      -0.005505781245874943,\n      0.031862713222035044,\n      -0.03186457429644032,\n      0.031864906066270335,\n      -2.7127134099101244,\n      0.15963100862011068,\n      0.020942264083921216,\n      -3.323617853954043e-06,\n      0.13040412112162567,\n      0.18662424576895567,\n      -4.235199633842229e-06,\n      -0.08750757520229444,\n      0.20505713706132278,\n      -0.004548698996627417,\n      3.5646786330199593e-06,\n      -0.0219298234072387,\n      0.026476637265001032,\n      -0.03311752703462608,\n      -1.3441634330522674e-06,\n      0.19275219317460857,\n      0.15963100862011068,\n      -2.011787364815401,\n      0.23031519923980567,\n      -0.03761400252585779,\n      -1.225178878583932e-05,\n      0.011360027366599577,\n      -0.24627075526981196,\n      0.07325639105808368,\n      -0.19002809468370652,\n      0.025826356627350538,\n      0.02296208728933391,\n      -0.0028825138884163745,\n      3.416381287487893e-06,\n      0.1880497606485394,\n      0.16711623409496132,\n      2.990395125699924e-06,\n      0.020942264083921216,\n      0.23031519923980567,\n      -2.0118189251639373,\n      0.0546426083841882,\n      -0.12126745987795454,\n      -0.002562773896451324,\n      -0.031315197536431444,\n      0.2915336303024601,\n      3.634982439395447e-06,\n      -0.024326364832514547,\n      0.000368050948145304,\n      9.347638948859415e-06,\n      0.024709663847621424,\n      -0.17712694350460917,\n      0.002720756507605499,\n      0.17985448703158396,\n      -3.323617853954043e-06,\n      -0.03761400252585779,\n      0.0546426083841882,\n      -2.0118195298892525,\n      0.03938476163400531,\n      -0.236119504774828,\n      -2.1851601857912877e-06,\n      0.14139170839282778,\n      0.27387962272369504,\n      0.027945108710575723,\n      2.4607748004261832e-06,\n      -0.017911965593592975,\n      -0.010034929543923146,\n      0.20344406797082554,\n      -4.018229069692632e-07,\n      -0.07304017494309571,\n      0.13040412112162567,\n      -1.225178878583932e-05,\n      -0.12126745987795454,\n      0.03938476163400531,\n      -2.0118112516417903,\n      -0.262988425135958,\n      -0.20212445349900326,\n      -0.1726775465493105,\n      0.02492662444363019,\n      5.123739492851338e-06,\n      -0.023230746802053885,\n      -0.02563264941878991,\n      0.0024129101256862794,\n      -5.4459162047342316e-08,\n      -0.16909772606559073,\n      0.017532723499418104,\n      0.18662424576895567,\n      0.011360027366599577,\n      -0.002562773896451324,\n      -0.236119504774828,\n      -0.262988425135958,\n      -2.0117951509709324,\n      0.16734811212228212,\n      1.3410340609172129e-06,\n      -0.06045001953198248,\n      0.014485187757934611,\n      0.02830441626303877,\n      3.6596141311851286e-06,\n      0.013838627116298862,\n      0.10541147920554397,\n      0.20609964071922737,\n      0.10069826698743103,\n      -4.235199633842229e-06,\n      -0.24627075526981196,\n      -0.031315197536431444,\n      -2.1851601857912877e-06,\n      -0.20212445349900326,\n      0.16734811212228212,\n      -2.011806633480769,\n      -0.026925978032669738,\n      0.1596627443967671,\n      1.6537770198128644e-07,\n      -0.01619043675864155,\n      0.012018102255875768,\n      -0.02821325522740402,\n      -1.6651115097197303e-06,\n      -0.11786882226491145,\n      -0.2053740336440894,\n      -0.08750757520229444,\n      0.07325639105808368,\n      0.2915336303024601,\n      0.14139170839282778,\n      -0.1726775465493105,\n      1.3410340609172129e-06,\n      -0.026925978032669738,\n      -2.011802791979585,\n      0.12576768245258219,\n      0.011595916877218363,\n      -0.01658127144071384,\n      -0.02816130140921251,\n      4.2222171104995695e-06,\n      0.08438885631154942,\n      -0.12066801173865874,\n      -8.861355866448487e-07,\n      0.20505713706132278,\n      -0.19002809468370652,\n      3.634982439395447e-06,\n      0.27387962272369504,\n      0.02492662444363019,\n      -0.06045001953198248,\n      0.1596627443967671,\n      0.12576768245258219,\n      -2.011794285763477\n    ]\n  },\n  \"two_body_integrals\": {\n    \"shape\": [\n      16,\n      16,\n      16,\n      16\n    ],\n    \"data\": [\n      0.6905400342506761,\n      -0.020009472704163863,\n      0.020009472704662246,\n      0.020009466200279723,\n      0.049875897410021124,\n      0.009778185033107591,\n      -0.009778236183322095,\n      0.009777179456912225,\n      -0.008280437513257905,\n      0.047014553265786546,\n      -0.04428347259270579,\n      0.050860137362958004,\n      -2.682735662215118e-06,\n      0.026349146062881298,\n      -6.448269169491427e-08,\n      0.021094593311829984,\n      -0.020009472704163863,\n      0.40487910408024835,\n      0.0064155140111526645,\n      0.006415513538307679,\n      -0.017652658871858934,\n      0.08830245512689379,\n      0.0061220546235086605,\n      -0.0061217526486822315,\n      -0.0061831937746554735,\n      -0.002572320779408147,\n      0.001953373279377826,\n      0.03797329515567701,\n      0.04385965968740466,\n      -0.0017697978187729575,\n      0.030571644059790935,\n      -0.0005789517631129039,\n      0.020009472704662246,\n      0.0064155140111526645,\n      0.40487910602561467,\n      -0.006415515085546964,\n      0.017652586590435733,\n      0.006121930477370247,\n      -0.00612197032835931,\n      -0.08830297617871047,\n      0.00010212341088827108,\n      0.0021435726670764243,\n      0.033060502038975446,\n      0.0026340962872715167,\n      0.0484050270596018,\n      -0.019676039867803113,\n      -0.022696812769770834,\n      0.0015336202377727285,\n      0.020009466200279723,\n      0.006415513538307679,\n      -0.006415515085546964,\n      0.4048791036665085,\n      0.017652640679941455,\n      0.006121937095503606,\n      0.08830206266123376,\n      0.006121636346362773,\n      -0.0009308641982057001,\n      -0.03510067124599595,\n      -0.0024886543068467545,\n      0.0024658890970002158,\n      -0.0045471318599463705,\n      0.0008703911628663347,\n      0.05326994125194398,\n      -0.015753258243198016,\n      0.049875897410021124,\n      -0.017652658871858934,\n      0.017652586590435733,\n      0.017652640679941455,\n      0.7254146267659359,\n      0.0010130436836012723,\n      -0.0010122640244894215,\n      0.0010133381684586155,\n      -0.0005398145457500138,\n      0.003080834416283526,\n      -0.0028993302946955773,\n      0.003331909309675963,\n      8.59233517946055e-07,\n      0.0017286837788551886,\n      -2.212050281879055e-07,\n      0.0013831456138939675,\n      0.009778185033107591,\n      0.08830245512689379,\n      0.006121930477370247,\n      0.006121937095503606,\n      0.0010130436836012723,\n      0.43006180513345665,\n      0.017181209730049447,\n      -0.01718092477362761,\n      -0.0026359054605894377,\n      0.008336592539659599,\n      0.0004061207650635948,\n      0.016191941505295744,\n      -0.010025266913832105,\n      0.010472461390268199,\n      -0.00698714950670288,\n      -0.006349610762883297,\n      -0.009778236183322095,\n      0.0061220546235086605,\n      -0.00612197032835931,\n      0.08830206266123376,\n      -0.0010122640244894215,\n      0.017181209730049447,\n      0.4300616647064262,\n      0.017181037450796608,\n      0.00989174297574747,\n      -0.014966628478545758,\n      0.009010361794808032,\n      -0.003462214883563456,\n      0.0010390658706058446,\n      0.005351025799293693,\n      -0.012176018408710514,\n      -0.006717193949679802,\n      0.009777179456912225,\n      -0.0061217526486822315,\n      -0.08830297617871047,\n      0.006121636346362773,\n      0.0010133381684586155,\n      -0.01718092477362761,\n      0.017181037450796608,\n      0.4300620753811904,\n      0.008282121746536994,\n      0.0007981817146631765,\n      -0.014097407005607358,\n      0.006420832854186912,\n      0.011064174516875643,\n      0.008389903932499497,\n      -0.0051881116405608566,\n      0.010450034091881395,\n      -0.008280437513257905,\n      -0.0061831937746554735,\n      0.00010212341088827108,\n      -0.0009308641982057001,\n      -0.0005398145457500138,\n      -0.0026359054605894377,\n      0.00989174297574747,\n      0.008282121746536994,\n      0.3826647977675491,\n      -0.013390840224095943,\n      -0.0024448050829891416,\n      -0.003034470774742934,\n      -0.0010234487629688523,\n      0.006900004359021493,\n      0.0026885396172693895,\n      0.002147634336441247,\n      0.047014553265786546,\n      -0.002572320779408147,\n      0.0021435726670764243,\n      -0.03510067124599595,\n      0.003080834416283526,\n      0.008336592539659599,\n      -0.014966628478545758,\n      0.0007981817146631765,\n      -0.013390840224095943,\n      0.39809632914667376,\n      -0.013624103115759316,\n      0.017801032468468255,\n      0.0008166327790326525,\n      0.0019070150713651956,\n      0.0040431753457361086,\n      0.007146461348418358,\n      -0.04428347259270579,\n      0.001953373279377826,\n      0.033060502038975446,\n      -0.0024886543068467545,\n      -0.0028993302946955773,\n      0.0004061207650635948,\n      0.009010361794808032,\n      -0.014097407005607358,\n      -0.0024448050829891416,\n      -0.013624103115759316,\n      0.3963000902233897,\n      -0.011406783510129265,\n      -0.0027613622571691205,\n      -0.008407846851547931,\n      0.002892113674584267,\n      -0.017651371169277758,\n      0.050860137362958004,\n      0.03797329515567701,\n      0.0026340962872715167,\n      0.0024658890970002158,\n      0.003331909309675963,\n      0.016191941505295744,\n      -0.003462214883563456,\n      0.006420832854186912,\n      -0.003034470774742934,\n      0.017801032468468255,\n      -0.011406783510129265,\n      0.4008100989381132,\n      -0.003772678438413071,\n      0.01780808634911015,\n      -0.002076476585533686,\n      -0.00022911346034646275,\n      -2.682735662215118e-06,\n      0.04385965968740466,\n      0.0484050270596018,\n      -0.0045471318599463705,\n      8.59233517946055e-07,\n      -0.010025266913832105,\n      0.0010390658706058446,\n      0.011064174516875643,\n      -0.0010234487629688523,\n      0.0008166327790326525,\n      -0.0027613622571691205,\n      -0.003772678438413071,\n      0.6797197863714592,\n      0.0030397929732722483,\n      3.337935886253002e-07,\n      -0.0027210267841431403,\n      0.026349146062881298,\n      -0.0017697978187729575,\n      -0.019676039867803113,\n      0.0008703911628663347,\n      0.0017286837788551886,\n      0.010472461390268199,\n      0.005351025799293693,\n      0.008389903932499497,\n      0.006900004359021493,\n      0.0019070150713651956,\n      -0.008407846851547931,\n      0.01780808634911015,\n      0.0030397929732722483,\n      0.3871743111050042,\n      0.0012574509195027572,\n      -0.00010977087387774656,\n      -6.448269169491427e-08,\n      0.030571644059790935,\n      -0.022696812769770834,\n      0.05326994125194398,\n      -2.212050281879055e-07,\n      -0.00698714950670288,\n      -0.012176018408710514,\n      -0.0051881116405608566,\n      0.0026885396172693895,\n      0.0040431753457361086,\n      0.002892113674584267,\n      -0.002076476585533686,\n      3.337935886253002e-07,\n      0.0012574509195027572,\n      0.6797194466131906,\n      0.0015502496378892868,\n      0.021094593311829984,\n      -0.0005789517631129039,\n      0.0015336202377727285,\n      -0.015753258243198016,\n      0.0013831456138939675,\n      -0.006349610762883297,\n      -0.006717193949679802,\n      0.010450034091881395,\n      0.002147634336441247,\n      0.007146461348418358,\n      -0.017651371169277758,\n      -0.00022911346034646275,\n      -0.0027210267841431403,\n      -0.00010977087387774656,\n      0.0015502496378892868,\n      0.38537807070037383,\n      -0.020009472704163863,\n      0.016758739394210957,\n      0.001757185698836572,\n      0.0017571860119267283,\n      -0.010449221468649676,\n      0.006939578991552448,\n      0.001908394305325271,\n      -0.0019084648926070754,\n      -0.0005367004967521395,\n      -0.004654587740666474,\n      0.004877181006578944,\n      0.003296627400697331,\n      0.024383246716800797,\n      -0.002262868579597212,\n      0.016996270888368956,\n      -0.0026911009632379413,\n      0.016758739394210957,\n      -0.02000950322909961,\n      -0.001757186188320217,\n      -0.0017571867655412781,\n      0.006939517031083116,\n      -0.010449186103482477,\n      -0.0019084880855820205,\n      0.0019083804023359878,\n      0.004776173658353158,\n      -0.004014392338767559,\n      -0.0006202240502892027,\n      -0.029336026950882773,\n      -0.002739936352566933,\n      -0.005340731109469402,\n      -0.0019098562798892508,\n      0.0035765226980220737,\n      0.001757185698836572,\n      -0.001757186188320217,\n      0.00641549611661138,\n      0.006786481780657298,\n      -7.181684768738715e-05,\n      7.192534780217652e-05,\n      0.003337055593806974,\n      0.0010167646849249517,\n      -0.005172482888382375,\n      3.351003580238087e-05,\n      -0.007825857526681275,\n      -0.0018300105879550783,\n      -0.0038873919672450805,\n      -0.0043813730394654145,\n      0.0038719345285013374,\n      0.0003270828238238928,\n      0.0017571860119267283,\n      -0.0017571867655412781,\n      0.006786481780657298,\n      0.0064154942665076075,\n      -7.1951677671987e-05,\n      7.186863269433995e-05,\n      -0.0010167175034673929,\n      -0.0033370886761451305,\n      0.005485848002889558,\n      0.0009112163548993671,\n      -0.00028689362489757876,\n      -9.46992666264192e-05,\n      0.002287651628720748,\n      -0.00016066458519375156,\n      -0.004987019092646964,\n      0.008922436749693416,\n      -0.010449221468649676,\n      0.006939517031083116,\n      -7.181684768738715e-05,\n      -7.1951677671987e-05,\n      -0.02052905352530504,\n      0.010096730383724979,\n      0.0021974521425021263,\n      -0.0021975685456592036,\n      -0.00012954897508827933,\n      -0.002781516127753312,\n      0.002758041820511652,\n      0.0007961030070091472,\n      0.005389290011148814,\n      -0.001462166120366853,\n      0.003756672642752864,\n      -0.0014171684084777515,\n      0.006939578991552448,\n      -0.010449186103482477,\n      7.192534780217652e-05,\n      7.186863269433995e-05,\n      0.010096730383724979,\n      -0.020529028535403095,\n      -0.0021975484422949833,\n      0.0021974868767928473,\n      0.0010556039007021526,\n      -0.002437437896409063,\n      -0.00019523648268377538,\n      -0.006483976342177658,\n      -0.0006615912222571664,\n      -0.0031155936659696152,\n      -0.00046121925181673914,\n      0.0019501872954988115,\n      0.001908394305325271,\n      -0.0019084880855820205,\n      0.003337055593806974,\n      -0.0010167175034673929,\n      0.0021974521425021263,\n      -0.0021975484422949833,\n      0.005119687344667736,\n      -0.004117962757748784,\n      0.0012340705909166,\n      0.0004234813982096383,\n      -0.0004632758166524657,\n      -0.0009879854959079157,\n      -0.00035682728474812405,\n      -0.0002594031440707097,\n      -0.0015400031530129427,\n      0.0041471106249932185,\n      -0.0019084648926070754,\n      0.0019083804023359878,\n      0.0010167646849249517,\n      -0.0033370886761451305,\n      -0.0021975685456592036,\n      0.0021974868767928473,\n      -0.004117962757748784,\n      0.005119591988037722,\n      0.0008569168551116797,\n      -5.398168568222512e-05,\n      0.003637315461009926,\n      0.001328311225531788,\n      0.001568345329864054,\n      0.0020363741537261872,\n      -0.00019800215966686991,\n      -0.0005283418676605253,\n      -0.0005367004967521395,\n      0.004776173658353158,\n      -0.005172482888382375,\n      0.005485848002889558,\n      -0.00012954897508827933,\n      0.0010556039007021526,\n      0.0012340705909166,\n      0.0008569168551116797,\n      -0.02088581002764518,\n      -0.00019027661682063693,\n      0.0003288286006290852,\n      -0.00026598703493561216,\n      -0.002392280944803784,\n      0.0019102918462297982,\n      0.002000006640955478,\n      0.00021126918572565956,\n      -0.004654587740666474,\n      -0.004014392338767559,\n      3.351003580238087e-05,\n      0.0009112163548993671,\n      -0.002781516127753312,\n      -0.002437437896409063,\n      0.0004234813982096383,\n      -5.398168568222512e-05,\n      -0.00019027661682063693,\n      0.012445204607991861,\n      0.0005211550327451363,\n      -0.0037637912680037544,\n      0.004092893780937996,\n      -0.0003354151559686827,\n      0.0017095709696489712,\n      -0.0009236359463470247,\n      0.004877181006578944,\n      -0.0006202240502892027,\n      -0.007825857526681275,\n      -0.00028689362489757876,\n      0.002758041820511652,\n      -0.00019523648268377538,\n      -0.0004632758166524657,\n      0.003637315461009926,\n      0.0003288286006290852,\n      0.0005211550327451363,\n      0.00558223125652043,\n      -0.0007829024692279198,\n      -0.0033083107889098086,\n      -0.003895112329713466,\n      -0.0035843050231821765,\n      0.002457819041526676,\n      0.003296627400697331,\n      -0.029336026950882773,\n      -0.0018300105879550783,\n      -9.46992666264192e-05,\n      0.0007961030070091472,\n      -0.006483976342177658,\n      -0.0009879854959079157,\n      0.001328311225531788,\n      -0.00026598703493561216,\n      -0.0037637912680037544,\n      -0.0007829024692279198,\n      -0.019294933736206082,\n      0.00384647971147907,\n      -0.004837519233941757,\n      0.0032784329630397508,\n      0.0036773043735495764,\n      0.024383246716800797,\n      -0.002739936352566933,\n      -0.0038873919672450805,\n      0.002287651628720748,\n      0.005389290011148814,\n      -0.0006615912222571664,\n      -0.00035682728474812405,\n      0.001568345329864054,\n      -0.002392280944803784,\n      0.004092893780937996,\n      -0.0033083107889098086,\n      0.00384647971147907,\n      -0.019800224767781725,\n      0.0013673784395119254,\n      0.0007869201829423393,\n      0.0026338196145063056,\n      -0.002262868579597212,\n      -0.005340731109469402,\n      -0.0043813730394654145,\n      -0.00016066458519375156,\n      -0.001462166120366853,\n      -0.0031155936659696152,\n      -0.0002594031440707097,\n      0.0020363741537261872,\n      0.0019102918462297982,\n      -0.0003354151559686827,\n      -0.003895112329713466,\n      -0.004837519233941757,\n      0.0013673784395119254,\n      0.010358752417062522,\n      0.0014525878874018343,\n      0.0014401331052217295,\n      0.016996270888368956,\n      -0.0019098562798892508,\n      0.0038719345285013374,\n      -0.004987019092646964,\n      0.003756672642752864,\n      -0.00046121925181673914,\n      -0.0015400031530129427,\n      -0.00019800215966686991,\n      0.002000006640955478,\n      0.0017095709696489712,\n      -0.0035843050231821765,\n      0.0032784329630397508,\n      0.0007869201829423393,\n      0.0014525878874018343,\n      -0.0203805771626041,\n      0.001076892513452313,\n      -0.0026911009632379413,\n      0.0035765226980220737,\n      0.0003270828238238928,\n      0.008922436749693416,\n      -0.0014171684084777515,\n      0.0019501872954988115,\n      0.0041471106249932185,\n      -0.0005283418676605253,\n      0.00021126918572565956,\n      -0.0009236359463470247,\n      0.002457819041526676,\n      0.0036773043735495764,\n      0.0026338196145063056,\n      0.0014401331052217295,\n      0.001076892513452313,\n      0.0034957165386511626,\n      0.020009472704662246,\n      0.001757185698836572,\n      0.016758739846453114,\n      -0.0017571861747715748,\n      0.010449203869136472,\n      0.001908402932575442,\n      -0.0019083718691557709,\n      -0.006939626920440006,\n      -0.001401837810527561,\n      0.005104721594472533,\n      0.002870184717605295,\n      0.005190668695178964,\n      0.026910689998479054,\n      -0.0017081068609363958,\n      -0.01261835222079199,\n      0.0016882640733423954,\n      0.001757185698836572,\n      -0.006415513362878747,\n      0.0017571871570162007,\n      0.006786481663008731,\n      -7.182061179899193e-05,\n      0.0010167813436139158,\n      0.0033370838368300066,\n      7.187005555293405e-05,\n      -0.008386852391398369,\n      0.000266668250352288,\n      -0.001923372833584792,\n      0.0031780259789351323,\n      0.003175028876103443,\n      -0.00513852090418094,\n      0.00447470416388953,\n      -0.00019256094279988757,\n      0.016758739846453114,\n      0.0017571871570162007,\n      0.020009508288662013,\n      -0.001757186418972475,\n      0.006939554933134736,\n      0.001908450299412451,\n      -0.0019084062272171913,\n      -0.010449308126415832,\n      -0.004489625300439843,\n      3.366518649376574e-06,\n      0.0255415137281997,\n      -0.0029581498298100724,\n      0.00302399206069344,\n      -0.015199957882398281,\n      -0.001417885159593303,\n      -0.005376688171508211,\n      -0.0017571861747715748,\n      0.006786481663008731,\n      -0.001757186418972475,\n      -0.006415492345204301,\n      7.193025918576584e-05,\n      0.0033370730298221823,\n      0.001016754673855797,\n      -7.192265404661708e-05,\n      0.00030750349603153154,\n      -0.007271355287408349,\n      -0.003599137411849978,\n      -0.00011649246064906134,\n      0.0014094655876580463,\n      -0.004141269742894363,\n      0.005302560832238886,\n      0.005250391878580557,\n      0.010449203869136472,\n      -7.182061179899193e-05,\n      0.006939554933134736,\n      7.193025918576584e-05,\n      0.020529035114909024,\n      0.0021975332785399105,\n      -0.0021974462672877857,\n      -0.010096741321189618,\n      -0.0006529218434722632,\n      0.0029076942657624305,\n      0.0006931903934689564,\n      0.003052616679421323,\n      0.005947906053121365,\n      -0.00041252456830951115,\n      -0.0027889880043318366,\n      0.0011359609061494676,\n      0.001908402932575442,\n      0.0010167813436139158,\n      0.001908450299412451,\n      0.0033370730298221823,\n      0.0021975332785399105,\n      -0.005119642079196408,\n      0.004117979709458963,\n      -0.0021975325520861644,\n      -0.0038981193262729815,\n      0.000430474622551714,\n      0.00046667687782556925,\n      0.001477079327074871,\n      0.0015121621248051255,\n      -0.00151040617828495,\n      0.0004610520886220475,\n      -0.00031087118582078346,\n      -0.0019083718691557709,\n      0.0033370838368300066,\n      -0.0019084062272171913,\n      0.001016754673855797,\n      -0.0021974462672877857,\n      0.004117979709458963,\n      -0.005119661214696648,\n      0.0021975043675702597,\n      0.0004965824729145918,\n      -0.003379604576241933,\n      -0.001550137874843318,\n      -0.0001881489250090445,\n      -0.0006126954356379025,\n      -0.00031029029713225745,\n      0.0014572524276128182,\n      0.0024402256816546852,\n      -0.006939626920440006,\n      7.187005555293405e-05,\n      -0.010449308126415832,\n      -7.192265404661708e-05,\n      -0.010096741321189618,\n      -0.0021975325520861644,\n      0.0021975043675702597,\n      0.020529066313334562,\n      0.002511968594138352,\n      0.0001634924052950016,\n      -0.0056453161291560765,\n      0.0018532614344045242,\n      -0.0007303036411966918,\n      0.0033594896687322937,\n      0.00034240503303401194,\n      0.0031174616132626375,\n      -0.001401837810527561,\n      -0.008386852391398369,\n      -0.004489625300439843,\n      0.00030750349603153154,\n      -0.0006529218434722632,\n      -0.0038981193262729815,\n      0.0004965824729145918,\n      0.002511968594138352,\n      -0.004548785102664528,\n      -0.0020563433122725355,\n      -0.004300501155476303,\n      -0.003027890826435958,\n      -0.001265468899202293,\n      0.0014226879673443214,\n      0.0009913358469470304,\n      0.0017252529829801637,\n      0.005104721594472533,\n      0.000266668250352288,\n      3.366518649376574e-06,\n      -0.007271355287408349,\n      0.0029076942657624305,\n      0.000430474622551714,\n      -0.003379604576241933,\n      0.0001634924052950016,\n      -0.0020563433122725355,\n      -0.006533067421516156,\n      0.0001679736680136526,\n      0.0011236402466386075,\n      0.004949710844359353,\n      -0.00018181555673357913,\n      -0.0011183561634790034,\n      -0.004336967845356525,\n      0.002870184717605295,\n      -0.001923372833584792,\n      0.0255415137281997,\n      -0.003599137411849978,\n      0.0006931903934689564,\n      0.00046667687782556925,\n      -0.001550137874843318,\n      -0.0056453161291560765,\n      -0.004300501155476303,\n      0.0001679736680136526,\n      0.01969010618884058,\n      -0.00255014789098,\n      -0.004627100023193991,\n      0.0007372578686836726,\n      0.00044795980547206117,\n      -0.0038448476662675994,\n      0.005190668695178964,\n      0.0031780259789351323,\n      -0.0029581498298100724,\n      -0.00011649246064906134,\n      0.003052616679421323,\n      0.001477079327074871,\n      -0.0001881489250090445,\n      0.0018532614344045242,\n      -0.003027890826435958,\n      0.0011236402466386075,\n      -0.00255014789098,\n      -0.011392116948327943,\n      0.0039873527137523545,\n      0.0008658522729157619,\n      -0.003047716771117201,\n      -0.0001767728705939216,\n      0.026910689998479054,\n      0.003175028876103443,\n      0.00302399206069344,\n      0.0014094655876580463,\n      0.005947906053121365,\n      0.0015121621248051255,\n      -0.0006126954356379025,\n      -0.0007303036411966918,\n      -0.001265468899202293,\n      0.004949710844359353,\n      -0.004627100023193991,\n      0.0039873527137523545,\n      0.01955371308212309,\n      0.0012476137768388585,\n      0.0006448798460055578,\n      0.0013827901000662216,\n      -0.0017081068609363958,\n      -0.00513852090418094,\n      -0.015199957882398281,\n      -0.004141269742894363,\n      -0.00041252456830951115,\n      -0.00151040617828495,\n      -0.00031029029713225745,\n      0.0033594896687322937,\n      0.0014226879673443214,\n      -0.00018181555673357913,\n      0.0007372578686836726,\n      0.0008658522729157619,\n      0.0012476137768388585,\n      0.020490353822465952,\n      -0.0034782725290650267,\n      0.0035956628818777183,\n      -0.01261835222079199,\n      0.00447470416388953,\n      -0.001417885159593303,\n      0.005302560832238886,\n      -0.0027889880043318366,\n      0.0004610520886220475,\n      0.0014572524276128182,\n      0.00034240503303401194,\n      0.0009913358469470304,\n      -0.0011183561634790034,\n      0.00044795980547206117,\n      -0.003047716771117201,\n      0.0006448798460055578,\n      -0.0034782725290650267,\n      0.020626665299518544,\n      -0.00033169736514537985,\n      0.0016882640733423954,\n      -0.00019256094279988757,\n      -0.005376688171508211,\n      0.005250391878580557,\n      0.0011359609061494676,\n      -0.00031087118582078346,\n      0.0024402256816546852,\n      0.0031174616132626375,\n      0.0017252529829801637,\n      -0.004336967845356525,\n      -0.0038448476662675994,\n      -0.0001767728705939216,\n      0.0013827901000662216,\n      0.0035956628818777183,\n      -0.00033169736514537985,\n      -0.009407919592575276,\n      0.020009466200279723,\n      0.0017571860119267283,\n      -0.0017571861747715748,\n      0.016758739294308052,\n      0.010449284300768838,\n      0.0019085406203676002,\n      0.006939488084189172,\n      0.0019084324987061194,\n      -0.0003168424666371959,\n      -0.0030469700292182107,\n      -0.0043151062660023816,\n      0.0053672246748954775,\n      -0.002527617102283922,\n      0.0032074260927980936,\n      0.029614628016749373,\n      -0.0013675681848804113,\n      0.0017571860119267283,\n      -0.006415516746329381,\n      0.006786481780657539,\n      0.001757186484237164,\n      -7.19358320413686e-05,\n      0.0010167591429838154,\n      -7.187503823199764e-05,\n      -0.0033370769457732328,\n      0.0069457336928935645,\n      -0.003100149579797776,\n      4.358995879731261e-06,\n      0.005674289970803162,\n      0.005296860853733699,\n      0.00032879002300816046,\n      0.0014306423767855548,\n      0.00452686931368619,\n      -0.0017571861747715748,\n      0.006786481780657539,\n      -0.006415515219403757,\n      -0.0017571863165332753,\n      7.190906734188532e-05,\n      0.0033370684287911093,\n      7.193142923393671e-05,\n      -0.0010168003599013674,\n      -0.00025464547249632176,\n      -0.0013210923479283912,\n      -0.0001185046348539826,\n      -0.00020797774012042846,\n      0.005462671584413702,\n      -0.008968077567875312,\n      -0.0005123544931147043,\n      0.005325272480637669,\n      0.016758739294308052,\n      0.001757186484237164,\n      -0.0017571863165332753,\n      0.020009510213036482,\n      0.006939542770470402,\n      0.0019083437601959197,\n      0.010449040486339621,\n      0.0019084214875616473,\n      0.005196136927991243,\n      -0.027117048521688735,\n      0.004398209865999705,\n      -0.0013811952430181935,\n      -0.00028397426924277975,\n      0.00309228808251137,\n      0.003327986152486883,\n      -0.012168939840860373,\n      0.010449284300768838,\n      -7.19358320413686e-05,\n      7.190906734188532e-05,\n      0.006939542770470402,\n      0.020529057009195006,\n      0.0021975093393958463,\n      0.010096713245853269,\n      0.002197528861187365,\n      -0.00034869401862212883,\n      -0.0007357433652810325,\n      -0.002600382927247066,\n      0.0031020417805278783,\n      -0.0005586351383841732,\n      0.0017269293057871641,\n      0.0065456108830154024,\n      -0.00033026299830809396,\n      0.0019085406203676002,\n      0.0010167591429838154,\n      0.0033370684287911093,\n      0.0019083437601959197,\n      0.0021975093393958463,\n      -0.005119647420158377,\n      0.002197489083804528,\n      -0.004117950705800102,\n      0.0032282693216700233,\n      -0.0015042082809001104,\n      7.058934069913606e-06,\n      0.002637365843291676,\n      0.0009556654862719503,\n      0.000531034104570401,\n      0.0012593454319923853,\n      0.00048603276943872287,\n      0.006939488084189172,\n      -7.187503823199764e-05,\n      7.193142923393671e-05,\n      0.010449040486339621,\n      0.010096713245853269,\n      0.002197489083804528,\n      0.020528955261945477,\n      0.002197522615739829,\n      0.0029701846764758717,\n      -0.005993509428261604,\n      0.0026452018168152736,\n      -0.0009607096888530792,\n      -6.853828754418056e-05,\n      0.001657590394940597,\n      0.0008036906298394641,\n      -0.00268953667559064,\n      0.0019084324987061194,\n      -0.0033370769457732328,\n      -0.0010168003599013674,\n      0.0019084214875616473,\n      0.002197528861187365,\n      -0.004117950705800102,\n      0.002197522615739829,\n      -0.005119589243064206,\n      0.000411230368686775,\n      -0.0006367985561874283,\n      5.515452745571514e-05,\n      0.000335930539345642,\n      -0.0011552489181146028,\n      0.0041683223131964596,\n      0.0010790710199666397,\n      -0.0014469080290351222,\n      -0.0003168424666371959,\n      0.0069457336928935645,\n      -0.00025464547249632176,\n      0.005196136927991243,\n      -0.00034869401862212883,\n      0.0032282693216700233,\n      0.0029701846764758717,\n      0.000411230368686775,\n      -0.007059147702672507,\n      -0.004137499621366967,\n      0.00037727634827077665,\n      0.00447724831689661,\n      2.6771862848100076e-06,\n      0.0022123637892252058,\n      -6.960661855240995e-05,\n      -0.0030666489478542985,\n      -0.0030469700292182107,\n      -0.003100149579797776,\n      -0.0013210923479283912,\n      -0.027117048521688735,\n      -0.0007357433652810325,\n      -0.0015042082809001104,\n      -0.005993509428261604,\n      -0.0006367985561874283,\n      -0.004137499621366967,\n      0.019532751935877214,\n      -0.004075466452182592,\n      0.0009084128185781958,\n      -0.0016389981927267608,\n      -0.003161060464005111,\n      0.004526872809099486,\n      -0.0006265411774996942,\n      -0.0043151062660023816,\n      4.358995879731261e-06,\n      -0.0001185046348539826,\n      0.004398209865999705,\n      -0.002600382927247066,\n      7.058934069913606e-06,\n      0.0026452018168152736,\n      5.515452745571514e-05,\n      0.00037727634827077665,\n      -0.004075466452182592,\n      -0.01253795183771112,\n      -0.0004020353887616026,\n      -0.0005180100184745443,\n      0.00012074479705275234,\n      -0.004046706700719301,\n      -0.0008652789163694349,\n      0.0053672246748954775,\n      0.005674289970803162,\n      -0.00020797774012042846,\n      -0.0013811952430181935,\n      0.0031020417805278783,\n      0.002637365843291676,\n      -0.0009607096888530792,\n      0.000335930539345642,\n      0.00447724831689661,\n      0.0009084128185781958,\n      -0.0004020353887616026,\n      -0.0088818622633372,\n      -0.001559442166108978,\n      0.00181675603671109,\n      0.005033252797910028,\n      0.0006503730724895215,\n      -0.002527617102283922,\n      0.005296860853733699,\n      0.005462671584413702,\n      -0.00028397426924277975,\n      -0.0005586351383841732,\n      0.0009556654862719503,\n      -6.853828754418056e-05,\n      -0.0011552489181146028,\n      2.6771862848100076e-06,\n      -0.0016389981927267608,\n      -0.0005180100184745443,\n      -0.001559442166108978,\n      0.0209169883969261,\n      0.00044672856323673744,\n      0.00014209169359617117,\n      0.0025936136776095187,\n      0.0032074260927980936,\n      0.00032879002300816046,\n      -0.008968077567875312,\n      0.00309228808251137,\n      0.0017269293057871641,\n      0.000531034104570401,\n      0.001657590394940597,\n      0.0041683223131964596,\n      0.0022123637892252058,\n      -0.003161060464005111,\n      0.00012074479705275234,\n      0.00181675603671109,\n      0.00044672856323673744,\n      -0.003403053739865372,\n      0.00330562405253318,\n      -0.0006477722466023747,\n      0.029614628016749373,\n      0.0014306423767855548,\n      -0.0005123544931147043,\n      0.003327986152486883,\n      0.0065456108830154024,\n      0.0012593454319923853,\n      0.0008036906298394641,\n      0.0010790710199666397,\n      -6.960661855240995e-05,\n      0.004526872809099486,\n      -0.004046706700719301,\n      0.005033252797910028,\n      0.00014209169359617117,\n      0.00330562405253318,\n      0.019263762189921974,\n      0.002315377397915765,\n      -0.0013675681848804113,\n      0.00452686931368619,\n      0.005325272480637669,\n      -0.012168939840860373,\n      -0.00033026299830809396,\n      0.00048603276943872287,\n      -0.00268953667559064,\n      -0.0014469080290351222,\n      -0.0030666489478542985,\n      -0.0006265411774996942,\n      -0.0008652789163694349,\n      0.0006503730724895215,\n      0.0025936136776095187,\n      -0.0006477722466023747,\n      0.002315377397915765,\n      0.02064795484658298,\n      0.049875897410021124,\n      -0.010449221468649676,\n      0.010449203869136472,\n      0.010449284300768838,\n      0.17688477677637876,\n      -0.0032922179142224396,\n      0.003292556666139039,\n      -0.003292232107352478,\n      0.0013558932774530579,\n      -0.007691442771372319,\n      0.007245523893717007,\n      -0.008321293284071708,\n      1.9043116067612824e-07,\n      -0.004310709791760859,\n      -4.626971895167406e-08,\n      -0.0034514780716150694,\n      -0.010449221468649676,\n      0.0883025742833853,\n      -0.0010167110972720819,\n      -0.0010167842839550023,\n      -0.00044434556252556266,\n      0.053374466691740216,\n      0.004160358183472306,\n      -0.004160285107891109,\n      -0.0006182216980564984,\n      -0.0018391837779442183,\n      0.0012844935680157586,\n      0.003796316065214432,\n      0.0011705808064240133,\n      -0.0013445498964178972,\n      0.0008157609839889658,\n      -0.00027766823543621817,\n      0.010449203869136472,\n      -0.0010167110972720819,\n      0.08830258550529646,\n      0.0010167686528216495,\n      0.0004442955830725034,\n      0.00416038126330696,\n      -0.004160362838037408,\n      -0.053374598142895226,\n      0.00020500947067236922,\n      0.001430201790783531,\n      0.00330481531099604,\n      0.0018483088480924063,\n      0.001291468373992965,\n      -0.001967330557742025,\n      -0.000605608263497693,\n      0.0011882264600648735,\n      0.010449284300768838,\n      -0.0010167842839550023,\n      0.0010167686528216495,\n      0.08830280036122623,\n      0.0004442310251075467,\n      0.0041602