MADNESS MRA-PNO INFORMATION
pairinfo=0,1,1.1,1.1,0.0,0.0
nuclear_repulsion=0.0
occinfo=-2.26775,-0.0696644,0.0138186,0.0138186,0.000816735,0.000816735
