{
  "schema": "schema-madresults",
  "kwargs": {},
  "geometry": "mol.json",
  "n_pno": 10,
  "mol": "{\n  \"one_body_integrals\": {\n    \"shape\": [\n      12,\n      12\n    ],\n    \"data\": [\n      -4.419513303087837,\n      -0.31156627292589206,\n      -4.7125659201042504e-14,\n      -2.7355390281342464e-14,\n      -6.23530620873033e-14,\n      -0.09300871881058734,\n      -0.5222000210975422,\n      -2.2137162480446252e-12,\n      2.709081758843153e-14,\n      3.724292797947672e-14,\n      1.486285463712547e-14,\n      1.428526085877223e-13,\n      -0.31156627292589206,\n      -0.6710896257515491,\n      1.3323723903989886e-13,\n      9.528936358409706e-14,\n      1.839720430058083e-13,\n      0.2578768804586693,\n      0.1369941513175542,\n      5.141517726975137e-13,\n      -4.701321711988294e-15,\n      -1.3491934545878008e-14,\n      -2.3533180541688655e-14,\n      8.033246366120217e-14,\n      -4.7125659201042504e-14,\n      1.3323723903989886e-13,\n      -0.6045554997391221,\n      -0.0035992533002985306,\n      0.010772210219412496,\n      7.193149153409212e-15,\n      -1.7001873634408395e-13,\n      -0.04809547502188118,\n      -0.15606177405958332,\n      -0.10517982675534647,\n      0.18168407561151945,\n      0.35240052416148865,\n      -2.7355390281342464e-14,\n      9.528936358409706e-14,\n      -0.0035992533002985306,\n      -0.6251777599455366,\n      -0.0042725913177167965,\n      7.019179971511903e-14,\n      -2.6306750088869347e-13,\n      0.02170237168543501,\n      -0.19110072355439334,\n      0.18296014209125316,\n      0.006742403183143839,\n      -0.1361637564037701,\n      -6.23530620873033e-14,\n      1.839720430058083e-13,\n      0.010772210219412496,\n      -0.0042725913177167965,\n      -0.6138179788070923,\n      2.966434264991277e-14,\n      -1.86903761296275e-13,\n      -0.06495320209681188,\n      0.09124847068018099,\n      0.16566237131949857,\n      -0.020179053627962778,\n      0.4075244224777033,\n      -0.09300871881058734,\n      0.2578768804586693,\n      7.193149153409212e-15,\n      7.019179971511903e-14,\n      2.966434264991277e-14,\n      -0.4882801921630093,\n      -0.5847036771946899,\n      -3.3583499992629765e-12,\n      1.037998067892314e-13,\n      -8.069588160201593e-14,\n      1.8184175535093582e-14,\n      -1.677306448311578e-12,\n      -0.5222000210975422,\n      0.1369941513175542,\n      -1.7001873634408395e-13,\n      -2.6306750088869347e-13,\n      -1.86903761296275e-13,\n      -0.5847036771946899,\n      1.6878406373059693,\n      6.562856208305309e-12,\n      1.4436017686376202e-14,\n      5.731147362562642e-14,\n      -5.5616742554533434e-14,\n      -1.775822585279299e-11,\n      -2.2137162480446252e-12,\n      5.141517726975137e-13,\n      -0.04809547502188118,\n      0.02170237168543501,\n      -0.06495320209681188,\n      -3.3583499992629765e-12,\n      6.562856208305309e-12,\n      1.5023639970717078,\n      0.018619261749730817,\n      0.01254879215550675,\n      0.07870484180944202,\n      3.975036169463425,\n      2.709081758843153e-14,\n      -4.701321711988294e-15,\n      -0.15606177405958332,\n      -0.19110072355439334,\n      0.09124847068018099,\n      1.037998067892314e-13,\n      1.4436017686376202e-14,\n      0.018619261749730817,\n      2.2329183677627142,\n      0.01893218716724987,\n      0.2791801729709816,\n      -0.05567542414041088,\n      3.724292797947672e-14,\n      -1.3491934545878008e-14,\n      -0.10517982675534647,\n      0.18296014209125316,\n      0.16566237131949857,\n      -8.069588160201593e-14,\n      5.731147362562642e-14,\n      0.01254879215550675,\n      0.01893218716724987,\n      2.217587908427027,\n      0.18815665729991,\n      -0.03752588726163111,\n      1.486285463712547e-14,\n      -2.3533180541688655e-14,\n      0.18168407561151945,\n      0.006742403183143839,\n      -0.020179053627962778,\n      1.8184175535093582e-14,\n      -5.5616742554533434e-14,\n      0.07870484180944202,\n      0.2791801729709816,\n      0.18815665729991,\n      -0.4779284282265748,\n      -0.6507034870506687,\n      1.428526085877223e-13,\n      8.033246366120217e-14,\n      0.35240052416148865,\n      -0.1361637564037701,\n      0.4075244224777033,\n      -1.677306448311578e-12,\n      -1.775822585279299e-11,\n      3.975036169463425,\n      -0.05567542414041088,\n      -0.03752588726163111,\n      -0.6507034870506687,\n      14.034695030888809\n    ]\n  },\n  \"two_body_integrals\": {\n    \"shape\": [\n      12,\n      12,\n      12,\n      12\n    ],\n    \"data\": [\n      1.6550991656622058,\n      0.0632104751731421,\n      3.456913574839682e-14,\n      2.552320334248126e-14,\n      4.86993258219659e-14,\n      0.07611128274827628,\n      0.5158376783060512,\n      2.2611010286333055e-12,\n      -1.9345636204093353e-14,\n      -2.3425705819590803e-14,\n      -1.0021497520718015e-14,\n      -2.522253239600758e-13,\n      0.0632104751731421,\n      0.235444177157474,\n      -5.415030809819907e-14,\n      -3.8416860838330624e-14,\n      -7.509834767938095e-14,\n      -0.10516659484180695,\n      -0.06255231109731713,\n      -2.3266263048105085e-13,\n      1.7557569981230259e-15,\n      6.495672055795154e-15,\n      1.1667275760969542e-14,\n      -3.973969590898019e-14,\n      3.456913574839682e-14,\n      -5.415030809819907e-14,\n      0.2472751549156295,\n      0.0004703625803732998,\n      -0.0014073815058514285,\n      9.129415973196942e-15,\n      -1.147951091823307e-13,\n      0.01739678531025615,\n      0.005707285854807949,\n      0.0038464944874058516,\n      -0.105460514536035,\n      0.004567505199535861,\n      2.552320334248126e-14,\n      -3.8416860838330624e-14,\n      0.0004703625803732998,\n      0.2550261054014526,\n      0.0006574757931722083,\n      -1.1952678430349195e-14,\n      5.6698352610129454e-14,\n      -0.008708812397134218,\n      0.012173573440097809,\n      -0.011603160628898582,\n      -0.000913995451600964,\n      0.000329675875169088,\n      4.86993258219659e-14,\n      -7.509834767938095e-14,\n      -0.0014073815058514285,\n      0.0006574757931722083,\n      0.2532764771374208,\n      6.506080396651015e-15,\n      -1.5541973090449357e-13,\n      0.026064614454324515,\n      -0.005892428176551088,\n      -0.010589458036218038,\n      0.002735260259205275,\n      -0.0009869084537578758,\n      0.07611128274827628,\n      -0.10516659484180695,\n      9.129415973196942e-15,\n      -1.1952678430349195e-14,\n      6.506080396651015e-15,\n      0.23989487302375814,\n      0.010359615804545518,\n      -9.078848783872218e-14,\n      -8.733031658936241e-15,\n      1.7845967759111403e-15,\n      9.06891749197225e-15,\n      3.2923750531432816e-14,\n      0.5158376783060512,\n      -0.06255231109731713,\n      -1.147951091823307e-13,\n      5.6698352610129454e-14,\n      -1.5541973090449357e-13,\n      0.010359615804545518,\n      1.5648454372613707,\n      1.0789667770350064e-12,\n      1.1463052729254741e-14,\n      1.294190449252497e-14,\n      2.1221826379536068e-13,\n      -2.6148250231727843e-12,\n      2.2611010286333055e-12,\n      -2.3266263048105085e-13,\n      0.01739678531025615,\n      -0.008708812397134218,\n      0.026064614454324515,\n      -9.078848783872218e-14,\n      1.0789667770350064e-12,\n      1.4825082407692631,\n      0.0003759442281037733,\n      0.00025336745418900325,\n      -0.03355615992744323,\n      0.4068790294444735,\n      -1.9345636204093353e-14,\n      1.7557569981230259e-15,\n      0.005707285854807949,\n      0.012173573440097809,\n      -0.005892428176551088,\n      -8.733031658936241e-15,\n      1.1463052729254741e-14,\n      0.0003759442281037733,\n      1.5552101627987267,\n      0.0009152533855852074,\n      -0.011692930107400034,\n      -0.0022202156467545676,\n      -2.3425705819590803e-14,\n      6.495672055795154e-15,\n      0.0038464944874058516,\n      -0.011603160628898582,\n      -0.010589458036218038,\n      1.7845967759111403e-15,\n      1.294190449252497e-14,\n      0.00025336745418900325,\n      0.0009152533855852074,\n      1.554469077140064,\n      -0.007880563642012757,\n      -0.0014965576819873927,\n      -1.0021497520718015e-14,\n      1.1667275760969542e-14,\n      -0.105460514536035,\n      -0.000913995451600964,\n      0.002735260259205275,\n      9.06891749197225e-15,\n      2.1221826379536068e-13,\n      -0.03355615992744323,\n      -0.011692930107400034,\n      -0.007880563642012757,\n      0.26618267488815256,\n      -0.008064419462109854,\n      -2.522253239600758e-13,\n      -3.973969590898019e-14,\n      0.004567505199535861,\n      0.000329675875169088,\n      -0.0009869084537578758,\n      3.2923750531432816e-14,\n      -2.6148250231727843e-12,\n      0.4068790294444735,\n      -0.0022202156467545676,\n      -0.0014965576819873927,\n      -0.008064419462109854,\n      1.6336176633385515,\n      0.0632104751731421,\n      0.0038411363546343477,\n      1.752233341062448e-15,\n      8.364823048633008e-16,\n      2.282462413516484e-15,\n      0.002986308648604395,\n      0.006291592839455842,\n      2.0861567681662585e-14,\n      -8.772279777580216e-16,\n      2.7321894746634712e-17,\n      -1.0076303940537157e-15,\n      5.4915924238563285e-15,\n      0.0038411363546343477,\n      0.0071620263795558635,\n      -3.360318615161159e-15,\n      -2.2122535465844695e-15,\n      -4.395287844620455e-15,\n      -0.0063148815364691005,\n      -0.0044336836779911275,\n      -1.5157027786734736e-14,\n      1.8472094513721782e-16,\n      5.290093450099898e-16,\n      1.2069643515969647e-15,\n      -4.601094827946621e-15,\n      1.752233341062448e-15,\n      -3.360318615161159e-15,\n      0.007453007896565946,\n      3.7109969282677816e-05,\n      -0.00011107247048734335,\n      1.4748740965499219e-15,\n      -4.762967906364601e-15,\n      0.0008879225039252261,\n      0.0006532350590426142,\n      0.0004402560509732061,\n      -0.006849671990433756,\n      -0.00047190841761010383,\n      8.364823048633008e-16,\n      -2.2122535465844695e-15,\n      3.7109969282677816e-05,\n      0.007955474839209591,\n      5.017225971578782e-05,\n      -1.9152431376956436e-16,\n      3.0662728215877233e-15,\n      -0.00047385636315833233,\n      0.001115642118415334,\n      -0.0010658393459491542,\n      -6.974325758871987e-05,\n      0.0003117791765100081,\n      2.282462413516484e-15,\n      -4.395287844620455e-15,\n      -0.00011107247048734335,\n      5.017225971578782e-05,\n      0.007822085001976214,\n      1.6751397903351506e-15,\n      -7.059511395596241e-15,\n      0.001418206893537448,\n      -0.00053620781839612,\n      -0.0009687307743327857,\n      0.00020872839272638476,\n      -0.0009331375630933742,\n      0.002986308648604395,\n      -0.0063148815364691005,\n      1.4748740965499219e-15,\n      -1.9152431376956436e-16,\n      1.6751397903351506e-15,\n      0.008606404539949944,\n      0.0012012502467555384,\n      -2.0296264668928643e-15,\n      -7.975797756618053e-16,\n      2.8362728832220796e-16,\n      4.760392926204948e-16,\n      6.272299303208828e-15,\n      0.006291592839455842,\n      -0.0044336836779911275,\n      -4.762967906364601e-15,\n      3.0662728215877233e-15,\n      -7.059511395596241e-15,\n      0.0012012502467555384,\n      0.05820941914958077,\n      -4.352963302312052e-15,\n      7.200186627476235e-16,\n      6.203804830962056e-16,\n      9.022920214804553e-15,\n      -4.0682301277739086e-14,\n      2.0861567681662585e-14,\n      -1.5157027786734736e-14,\n      0.0008879225039252261,\n      -0.00047385636315833233,\n      0.001418206893537448,\n      -2.0296264668928643e-15,\n      -4.352963302312052e-15,\n      0.06255657540697972,\n      -1.8491317810112248e-05,\n      -1.2462902397093116e-05,\n      -0.0016607814939868866,\n      0.005372159646447476,\n      -8.772279777580216e-16,\n      1.8472094513721782e-16,\n      0.0006532350590426142,\n      0.001115642118415334,\n      -0.00053620781839612,\n      -7.975797756618053e-16,\n      7.200186627476235e-16,\n      -1.8491317810112248e-05,\n      0.06368241890985607,\n      -3.2057707215006658e-06,\n      -0.0012286132241031231,\n      -1.4665058287856281e-05,\n      2.7321894746634712e-17,\n      5.290093450099898e-16,\n      0.0004402560509732061,\n      -0.0010658393459491542,\n      -0.0009687307743327857,\n      2.8362728832220796e-16,\n      6.203804830962056e-16,\n      -1.2462902397093116e-05,\n      -3.2057707215006658e-06,\n      0.06368501672825583,\n      -0.0008280369861939575,\n      -9.885924593226693e-06,\n      -1.0076303940537157e-15,\n      1.2069643515969647e-15,\n      -0.006849671990433756,\n      -6.974325758871987e-05,\n      0.00020872839272638476,\n      4.760392926204948e-16,\n      9.022920214804553e-15,\n      -0.0016607814939868866,\n      -0.0012286132241031231,\n      -0.0008280369861939575,\n      0.009969508612952437,\n      0.0008072869927079412,\n      5.4915924238563285e-15,\n      -4.601094827946621e-15,\n      -0.00047190841761010383,\n      0.0003117791765100081,\n      -0.0009331375630933742,\n      6.272299303208828e-15,\n      -4.0682301277739086e-14,\n      0.005372159646447476,\n      -1.4665058287856281e-05,\n      -9.885924593226693e-06,\n      0.0008072869927079412,\n      0.06153139673934293,\n      3.456913574839682e-14,\n      1.752233341062448e-15,\n      0.0006423740442891609,\n      1.9632059853439653e-05,\n      -5.875493900212169e-05,\n      2.6698512378773437e-15,\n      -2.3160835228852594e-14,\n      0.005040764720840508,\n      0.002189459380472179,\n      0.0014756423136133919,\n      -0.0007086542657256813,\n      0.002114071903565139,\n      1.752233341062448e-15,\n      2.9741562945079236e-15,\n      -0.0013089690251250122,\n      5.924304803158055e-05,\n      -0.00017721537381115886,\n      -1.0936584483086514e-15,\n      -3.4693588605270997e-15,\n      0.00036677977344165433,\n      0.0003481790224354657,\n      0.00023465905874902083,\n      -0.00127729081696982,\n      -0.0003924694585658061,\n      0.0006423740442891609,\n      -0.0013089690251250122,\n      2.795407778681796e-15,\n      -2.1958482124620482e-16,\n      -6.184289191857317e-16,\n      -0.000532404341870417,\n      -0.000870324557552393,\n      -1.5963657262405007e-15,\n      4.563305300037818e-16,\n      3.61285810025324e-16,\n      -2.414829946249808e-15,\n      -2.0781207971890675e-15,\n      1.9632059853439653e-05,\n      5.924304803158055e-05,\n      -2.1958482124620482e-16,\n      3.1370237896059805e-15,\n      -7.6029677345546e-18,\n      -4.479483757893872e-05,\n      -7.585512747132034e-05,\n      -4.3322347120268445e-16,\n      4.3377234855250524e-16,\n      -3.9997234582526964e-16,\n      -3.078456543501029e-16,\n      1.7274728739483103e-16,\n      -5.875493900212169e-05,\n      -0.00017721537381115886,\n      -6.184289191857317e-16,\n      -7.6029677345546e-18,\n      3.323852152715967e-15,\n      0.00013406989994762752,\n      0.00022703338577753637,\n      1.6888346190263581e-15,\n      -1.1768675769151249e-17,\n      -2.4266477499299e-16,\n      4.473824739489873e-16,\n      -1.0194549739973857e-16,\n      2.6698512378773437e-15,\n      -1.0936584483086514e-15,\n      -0.000532404341870417,\n      -4.479483757893872e-05,\n      0.00013406989994762752,\n      3.4554810727192853e-15,\n      -1.56589286893008e-15,\n      0.00023289918589941485,\n      0.00012460748611147897,\n      8.397738782879767e-05,\n      -0.00022578868081312353,\n      0.0002653743537927936,\n      -2.3160835228852594e-14,\n      -3.4693588605270997e-15,\n      -0.000870324557552393,\n      -7.585512747132034e-05,\n      0.00022703338577753637,\n      -1.56589286893008e-15,\n      2.6608598137356498e-14,\n      -7.28750327770113e-05,\n      -0.0026323644788419755,\n      -0.0017740457242579016,\n      0.0009775128924280584,\n      0.005441234048951379,\n      0.005040764720840508,\n      0.00036677977344165433,\n      -1.5963657262405007e-15,\n      -4.3322347120268445e-16,\n      1.6888346190263581e-15,\n      0.00023289918589941485,\n      -7.28750327770113e-05,\n      3.662044625873939e-14,\n      -1.3048996562112225e-14,\n      -8.727122757096195e-15,\n      1.3923256536423068e-15,\n      3.015499633850227e-14,\n      0.002189459380472179,\n      0.0003481790224354657,\n      4.563305300037818e-16,\n      4.3377234855250524e-16,\n      -1.1768675769151249e-17,\n      0.00012460748611147897,\n      -0.0026323644788419755,\n      -1.3048996562112225e-14,\n      4.055848538964124e-14,\n      1.3769367590565906e-16,\n      -6.676178164986835e-16,\n      3.123938824636796e-15,\n      0.0014756423136133919,\n      0.00023465905874902083,\n      3.61285810025324e-16,\n      -3.9997234582526964e-16,\n      -2.4266477499299e-16,\n      8.397738782879767e-05,\n      -0.0017740457242579016,\n      -8.727122757096195e-15,\n      1.3769367590565906e-16,\n      4.0567809528324617e-14,\n      -5.128039106631205e-16,\n      2.0808550195428044e-15,\n      -0.0007086542657256813,\n      -0.00127729081696982,\n      -2.414829946249808e-15,\n      -3.078456543501029e-16,\n      4.473824739489873e-16,\n      -0.00022578868081312353,\n      0.0009775128924280584,\n      1.3923256536423068e-15,\n      -6.676178164986835e-16,\n      -5.128039106631205e-16,\n      1.8112139392456594e-15,\n      2.7361671413837774e-15,\n      0.002114071903565139,\n      -0.0003924694585658061,\n      -2.0781207971890675e-15,\n      1.7274728739483103e-16,\n      -1.0194549739973857e-16,\n      0.0002653743537927936,\n      0.005441234048951379,\n      3.015499633850227e-14,\n      3.123938824636796e-15,\n      2.0808550195428044e-15,\n      2.7361671413837774e-15,\n      2.163563382270861e-14,\n      2.552320334248126e-14,\n      8.364823048633008e-16,\n      1.9632059853439653e-05,\n      0.0007348403000688629,\n      2.293723678726535e-05,\n      1.0168867701013107e-15,\n      1.824105103076512e-14,\n      -0.0019329948740687793,\n      0.0027081180538715576,\n      -0.00256942510507417,\n      -3.669694107559427e-05,\n      -0.0007845345246300871,\n      8.364823048633008e-16,\n      1.7216385110076227e-15,\n      5.868196730683664e-05,\n      -0.0010315383010203788,\n      6.842516949350617e-05,\n      -9.13338686365367e-16,\n      1.1194726244091735e-16,\n      -0.00016697016664383944,\n      0.0004743501836435087,\n      -0.0004555417893452625,\n      -5.6154605826539086e-05,\n      0.00017625225457428378,\n      1.9632059853439653e-05,\n      5.868196730683664e-05,\n      1.749685465957107e-15,\n      -5.835853718674788e-16,\n      -8.671245687631723e-17,\n      -4.322583837565588e-05,\n      -7.676851202296147e-05,\n      -1.251618234510317e-16,\n      2.4124768887223355e-16,\n      -1.5331126938713385e-16,\n      -1.2764312176671844e-15,\n      1.3957747718035263e-16,\n      0.0007348403000688629,\n      -0.0010315383010203788,\n      -5.835853718674788e-16,\n      1.994222183763529e-15,\n      -3.279948740993882e-16,\n      -0.0006776598331340589,\n      -0.0011209287931891517,\n      -3.0826612150511995e-15,\n      2.4817387728193196e-16,\n      7.137438426743636e-17,\n      9.088426354813411e-16,\n      -2.391573809649994e-15,\n      2.293723678726535e-05,\n      6.842516949350617e-05,\n      -8.671245687631723e-17,\n      -3.279948740993882e-16,\n      1.6458256740965738e-15,\n      -5.042429763102905e-05,\n      -8.754454714926595e-05,\n      -5.061530079612797e-17,\n      1.4439963574907136e-16,\n      -2.9859774863198046e-16,\n      4.789124283775814e-17,\n      3.568041587014015e-17,\n      1.0168867701013107e-15,\n      -9.13338686365367e-16,\n      -4.322583837565588e-05,\n      -0.0006776598331340589,\n      -5.042429763102905e-05,\n      2.358895278544923e-15,\n      1.1671707437349577e-15,\n      -9.033646050552694e-05,\n      0.00016900430127476175,\n      -0.00015552940710120047,\n      6.267000555838701e-05,\n      -9.984150142567744e-05,\n      1.824105103076512e-14,\n      1.1194726244091735e-16,\n      -7.676851202296147e-05,\n      -0.0011209287931891517,\n      -8.754454714926595e-05,\n      1.1671707437349577e-15,\n      2.120005559991256e-14,\n      5.7276772417145854e-05,\n      -0.0031406067862605105,\n      0.0030082051007212745,\n      0.00014435638604417037,\n      -0.0020908462542713656,\n      -0.0019329948740687793,\n      -0.00016697016664383944,\n      -1.251618234510317e-16,\n      -3.0826612150511995e-15,\n      -5.061530079612797e-17,\n      -9.033646050552694e-05,\n      5.7276772417145854e-05,\n      2.3350787449472055e-14,\n      -1.5499564522472586e-14,\n      1.4830828622483527e-14,\n      1.7253891728980647e-16,\n      -2.255899460290589e-15,\n      0.0027081180538715576,\n      0.0004743501836435087,\n      2.4124768887223355e-16,\n      2.4817387728193196e-16,\n      1.4439963574907136e-16,\n      0.00016900430127476175,\n      -0.0031406067862605105,\n      -1.5499564522472586e-14,\n      2.361435699760328e-14,\n      8.304988641238964e-17,\n      -3.715865776968835e-16,\n      3.751041361202412e-15,\n      -0.00256942510507417,\n      -0.0004555417893452625,\n      -1.5331126938713385e-16,\n      7.137438426743636e-17,\n      -2.9859774863198046e-16,\n      -0.00015552940710120047,\n      0.0030082051007212745,\n      1.4830828622483527e-14,\n      8.304988641238964e-17,\n      2.3334199156233026e-14,\n      1.9286093176033164e-16,\n      -3.518832360910329e-15,\n      -3.669694107559427e-05,\n      -5.6154605826539086e-05,\n      -1.2764312176671844e-15,\n      9.088426354813411e-16,\n      4.789124283775814e-17,\n      6.267000555838701e-05,\n      0.00014435638604417037,\n      1.7253891728980647e-16,\n      -3.715865776968835e-16,\n      1.9286093176033164e-16,\n      1.7363667198944804e-15,\n      -3.270902429117206e-16,\n      -0.0007845345246300871,\n      0.00017625225457428378,\n      1.3957747718035263e-16,\n      -2.391573809649994e-15,\n      3.568041587014015e-17,\n      -9.984150142567744e-05,\n      -0.0020908462542713656,\n      -2.255899460290589e-15,\n      3.751041361202412e-15,\n      -3.518832360910329e-15,\n      -3.270902429117206e-16,\n      2.7756768238018648e-14,\n      4.86993258219659e-14,\n      2.282462413516484e-15,\n      -5.875493900212169e-05,\n      2.293723678726535e-05,\n      0.0006738599825011735,\n      3.514509104747543e-15,\n      -2.3650894610816042e-14,\n      0.005785336395484156,\n      -0.0013289448985364305,\n      -0.00236400519150181,\n      0.0001098283004576286,\n      0.002348149062031628,\n      2.282462413516484e-15,\n      4.069390224098468e-15,\n      -0.00017563007467989196,\n      6.842243787619777e-05,\n      -0.0012133607059592346,\n      -1.4460106018392843e-15,\n      -4.614601615323538e-15,\n      0.0004997276117491328,\n      -0.00022433770464796003,\n      -0.0004102189141566005,\n      0.0001680461991317541,\n      -0.0005275100642989552,\n      -5.875493900212169e-05,\n      -0.00017563007467989196,\n      4.206270748374763e-15,\n      8.917562868693274e-18,\n      -4.71736365248443e-16,\n      0.00012936390282956232,\n      0.00022976346119774643,\n      1.6283869597785022e-15,\n      2.275232140278721e-16,\n      4.4447206874222156e-17,\n      -2.47708347974121e-15,\n      4.7206840216376666e-17,\n      2.293723678726535e-05,\n      6.842243787619777e-05,\n      8.917562868693274e-18,\n      4.644396846276155e-15,\n      -3.8961482694624405e-16,\n      -5.042560852013647e-05,\n      -8.754835663543658e-05,\n      -4.997358863528811e-16,\n      4.810605039318183e-16,\n      -4.975090367345496e-16,\n      -1.1466454413570915e-16,\n      1.3778854359575154e-16,\n      0.0006738599825011735,\n      -0.0012133607059592346,\n      -4.71736365248443e-16,\n      -3.8961482694624405e-16,\n      3.712267581008899e-15,\n      -0.0005435966187747136,\n      -0.0008881551037015687,\n      -1.0836261900813715e-15,\n      -2.228746972133405e-16,\n      -4.882060738748556e-16,\n      7.968072816139093e-16,\n      -2.293138416783677e-15,\n      3.514509104747543e-15,\n      -1.4460106018392843e-15,\n      0.00012936390282956232,\n      -5.042560852013647e-05,\n      -0.0005435966187747136,\n      4.7629950114189135e-15,\n      -1.7237256001896573e-15,\n      0.00027036888135967307,\n      -9.037683542182222e-05,\n      -0.00015093396496169826,\n      -0.00018755927663513094,\n      0.00029880079708133214,\n      -2.3650894610816042e-14,\n      -4.614601615323538e-15,\n      0.00022976346119774643,\n      -8.754835663543658e-05,\n      -0.0008881551037015687,\n      -1.7237256001896573e-15,\n      3.9859500249039836e-14,\n      -0.00017136949744870353,\n      0.0014976113311471256,\n      0.0027216494008669863,\n      -0.00043204734950795385,\n      0.006258006368172933,\n      0.005785336395484156,\n      0.0004997276117491328,\n      1.6283869597785022e-15,\n      -4.997358863528811e-16,\n      -1.0836261900813715e-15,\n      0.00027036888135967307,\n      -0.00017136949744870353,\n      4.967597513894084e-14,\n      7.44535184372952e-15,\n      1.3552039265091187e-14,\n      -2.8461391229916977e-15,\n      3.7084701628997685e-14,\n      -0.0013289448985364305,\n      -0.00022433770464796003,\n      2.275232140278721e-16,\n      4.810605039318183e-16,\n      -2.228746972133405e-16,\n      -9.037683542182222e-05,\n      0.0014976113311471256,\n      7.44535184372952e-15,\n      5.5070639888576967e-14,\n      -6.591949208711867e-17,\n      -4.514651727547531e-16,\n      -2.0645784344283657e-15,\n      -0.00236400519150181,\n      -0.0004102189141566005,\n      4.4447206874222156e-17,\n      -4.975090367345496e-16,\n      -4.882060738748556e-16,\n      -0.00015093396496169826,\n      0.0027216494008669863,\n      1.3552039265091187e-14,\n      -6.591949208711867e-17,\n      5.489098758859612e-14,\n      -1.5727538358028398e-16,\n      -3.4151826332207147e-15,\n      0.0001098283004576286,\n      0.0001680461991317541,\n      -2.47708347974121e-15,\n      -1.1466454413570915e-16,\n      7.968072816139093e-16,\n      -0.00018755927663513094,\n      -0.00043204734950795385,\n      -2.8461391229916977e-15,\n      -4.514651727547531e-16,\n      -1.5727538358028398e-16,\n      5.1067972143799614e-15,\n      9.833713704443525e-17,\n      0.002348149062031628,\n      -0.0005275100642989552,\n      4.7206840216376666e-17,\n      1.3778854359575154e-16,\n      -2.293138416783677e-15,\n      0.00029880079708133214,\n      0.006258006368172933,\n      3.7084701628997685e-14,\n      -2.0645784344283657e-15,\n      -3.4151826332207147e-15,\n      9.833713704443525e-17,\n      3.411507187855989e-14,\n      0.07611128274827628,\n      0.002986308648604395,\n      2.6698512378773437e-15,\n      1.0168867701013107e-15,\n      3.514509104747543e-15,\n      0.00469125511521429,\n      0.019350360960923362,\n      7.83561583672654e-14,\n      -1.938987165273076e-15,\n      4.640385298237959e-16,\n      -1.8484833889248486e-15,\n      -1.5516017290440054e-14,\n      0.002986308648604395,\n      0.005251962277757892,\n      3.6369561876026246e-16,\n      -1.534186731648457e-15,\n      1.5807667674838655e-16,\n      -0.003557089373957583,\n      -0.002694997918821476,\n      -1.0185479711174658e-14,\n      -2.0851918282327464e-16,\n      5.075285894676207e-16,\n      -4.082935974990959e-16,\n      -1.3161807798159342e-15,\n      2.6698512378773437e-15,\n      3.6369561876026246e-16,\n      0.005640488583049479,\n      1.976098460047918e-05,\n      -5.9168223951465296e-05,\n      -5.42846475236336e-16,\n      -5.662313608441327e-15,\n      0.0007712238028292954,\n      0.00027885936751477714,\n      0.00018794098643184565,\n      -0.0037601714244764437,\n      0.0002911973996633356,\n      1.0168867701013107e-15,\n      -1.534186731648457e-15,\n      1.976098460047918e-05,\n      0.005926343848131283,\n      2.6903673792503295e-05,\n      3.3166422082689384e-16,\n      2.9786421809965824e-15,\n      -0.00036879137849759886,\n      0.0005292757158052153,\n      -0.0005035625896244264,\n      -3.790666297652883e-05,\n      -3.6221142320514475e-05,\n      3.514509104747543e-15,\n      1.5807667674838655e-16,\n      -5.9168223951465296e-05,\n      2.6903673792503295e-05,\n      0.005854961092753602,\n      -6.695829329363134e-16,\n      -7.218319908811055e-15,\n      0.0011037553736598555,\n      -0.0002575944021240723,\n      -0.0004610458477801998,\n      0.00011350060375307086,\n      0.00010839285056923881,\n      0.00469125511521429,\n      -0.003557089373957583,\n      -5.42846475236336e-16,\n      3.3166422082689384e-16,\n      -6.695829329363134e-16,\n      0.005542785975524046,\n      -2.514673649596993e-05,\n      -3.767060448300885e-15,\n      -3.0769657655138616e-16,\n      2.6812319725566525e-16,\n      2.1549873430865008e-15,\n      1.127434734113364e-16,\n      0.019350360960923362,\n      -0.002694997918821476,\n      -5.662313608441327e-15,\n      2.9786421809965824e-15,\n      -7.218319908811055e-15,\n      -2.514673649596993e-05,\n      0.0627436474020152,\n      -2.8396664360219592e-14,\n      2.3109769306528527e-15,\n      -5.154297127996088e-16,\n      1.0289566507865056e-14,\n      -1.222988724181029e-13,\n      7.83561583672654e-14,\n      -1.0185479711174658e-14,\n      0.0007712238028292954,\n      -0.00036879137849759886,\n      0.0011037553736598555,\n      -3.767060448300885e-15,\n      -2.8396664360219592e-14,\n      0.07243972096709037,\n      4.6093555750920416e-05,\n      3.1063950466609074e-05,\n      -0.001438315285313202,\n      0.01888607226367995,\n      -1.938987165273076e-15,\n      -2.0851918282327464e-16,\n      0.00027885936751477714,\n      0.0005292757158052153,\n      -0.0002575944021240723,\n      -3.0769657655138616e-16,\n      2.3109769306528527e-15,\n      4.6093555750920416e-05,\n      0.07614154153507224,\n      5.614876571006719e-05,\n      -0.0005192982314992122,\n      -0.00012426398470157213,\n      4.640385298237959e-16,\n      5.075285894676207e-16,\n      0.00018794098643184565,\n      -0.0005035625896244264,\n      -0.0004610458477801998,\n      2.6812319725566525e-16,\n      -5.154297127996088e-16,\n      3.1063950466609074e-05,\n      5.614876571006719e-05,\n      0.07609607647998917,\n      -0.0003499861856174682,\n      -8.375778919671173e-05,\n      -1.8484833889248486e-15,\n      -4.082935974990959e-16,\n      -0.0037601714244764437,\n      -3.790666297652883e-05,\n      0.00011350060375307086,\n      2.1549873430865008e-15,\n      1.0289566507865056e-14,\n      -0.001438315285313202,\n      -0.0005192982314992122,\n      -0.0003499861856174682,\n      0.006104074153340199,\n      -0.0005426221976303033,\n      -1.5516017290440054e-14,\n      -1.3161807798159342e-15,\n      0.0002911973996633356,\n      -3.6221142320514475e-05,\n      0.00010839285056923881,\n      1.127434734113364e-16,\n      -1.222988724181029e-13,\n      0.01888607226367995,\n      -0.00012426398470157213,\n      -8.375778919671173e-05,\n      -0.0005426221976303033,\n      0.07125210805216067,\n      0.5158376783060512,\n      0.006291592839455842,\n      -2.3160835228852594e-14,\n      1.824105103076512e-14,\n      -2.3650894610816042e-14,\n      0.019350360960923362,\n      0.4177712612163506,\n      7.392107759240929e-13,\n      -4.2327252813834093e-16,\n      -1.042568809062061e-15,\n      5.354831161819007e-14,\n      -8.817079011347317e-13,\n      0.006291592839455842,\n      0.0010185649786877337,\n      -4.2429601498916725e-14,\n      1.5856456772600502e-14,\n      -4.881685333746333e-14,\n      -5.575938959141453e-05,\n      -0.002349170780121246,\n      -7.72471821751386e-14,\n      1.4918079792314298e-15,\n      1.9117194806350657e-15,\n      3.4539564134142275e-14,\n      5.576349928690383e-14,\n      -2.3160835228852594e-14,\n      -4.2429601498916725e-14,\n      0.0009109615762808174,\n      -2.0978325526678477e-05,\n      6.366556006566233e-05,\n      3.5649434793061374e-14,\n      -4.1407849371566385e-14,\n      0.005314400265667716,\n      -0.00269660501509219,\n      -0.0018174180833178467,\n      -0.0013436612812504373,\n      0.008844720613669102,\n      1.824105103076512e-14,\n      1.5856456772600502e-14,\n      -2.0978325526678477e-05,\n      0.0009307465326748674,\n      -2.3479489893174553e-05,\n      -1.232033138703903e-14,\n      1.346391395725885e-14,\n      -0.0020420796919679487,\n      -0.0030100498236567148,\n      0.0028936609726181828,\n      4.204312971533967e-05,\n      -0.00331191255096554,\n      -2.3650894610816042e-14,\n      -4.881685333746333e-14,\n      6.366556006566233e-05,\n      -2.3479489893174553e-05,\n      0.0009896251619606706,\n      4.173224266157405e-14,\n      -4.4469311046013704e-14,\n      0.006111669612599057,\n      0.0014190825183716337,\n      0.0026010604890175327,\n      -0.00012641375780629213,\n      0.009912221010043997,\n      0.019350360960923362,\n      -5.575938959141453e-05,\n      3.5649434793061374e-14,\n      -1.232033138703903e-14,\n      4.173224266157405e-14,\n      0.0033136122113831268,\n      -0.002159607254059333,\n      -1.5371558192978085e-13,\n      2.8189256484623115e-18,\n      -2.117230002429693e-15,\n      -4.946027311672485e-14,\n      -7.189095239251708e-14,\n      0.4177712612163506,\n      -0.002349170780121246,\n      -4.1407849371566385e-14,\n      1.346391395725885e-14,\n      -4.4469311046013704e-14,\n      -0.002159607254059333,\n      0.5674653925438733,\n      1.5348850662677549e-12,\n      0.0,\n      -6.895525817007808e-16,\n      6.966671163566307e-14,\n      -2.8856327050075237e-12,\n      7.392107759240929e-13,\n      -7.72471821751386e-14,\n      0.005314400265667716,\n      -0.0020420796919679487,\n      0.006111669612599057,\n      -1.5371558192978085e-13,\n      1.5348850662677549e-12,\n      0.3363902837590099,\n      0.0003539952264112172,\n      0.00023859069678091108,\n      -0.009541960853992539,\n      0.29673062391798255,\n      -4.2327252813834093e-16,\n      1.4918079792314298e-15,\n      -0.00269660501509219,\n      -0.0030100498236567148,\n      0.0014190825183716337,\n      2.8189256484623115e-18,\n      0.0,\n      0.0003539952264112172,\n      0.38483542085086414,\n      0.0007570950230047016,\n      0.005215512882869243,\n      -0.0016446535524592028,\n      -1.042568809062061e-15,\n      1.9117194806350657e-15,\n      -0.0018174180833178467,\n      0.0028936609726181828,\n      0.0026010604890175327,\n      -2.117230002429693e-15,\n      -6.895525817007808e-16,\n      0.00023859069678091108,\n      0.0007570950230047016,\n      0.38422237882166665,\n      0.0035150612612220777,\n      -0.0011086129611361448,\n      5.354831161819007e-14,\n      3.4539564134142275e-14,\n      -0.0013436612812504373,\n      4.204312971533967e-05,\n      -0.00012641375780629213,\n      -4.946027311672485e-14,\n      6.966671163566307e-14,\n      -0.009541960853992539,\n      0.005215512882869243,\n      0.0035150612612220777,\n      0.00210213982198521,\n      -0.016604031610625535,\n      -8.817079011347317e-13,\n      5.576349928690383e-14,\n      0.008844720613669102,\n      -0.00331191255096554,\n      0.009912221010043997,\n      -7.189095239251708e-14,\n      -2.8856327050075237e-12,\n      0.29673062391798255,\n      -0.0016446535524592028,\n      -0.0011086129611361448,\n      -0.016604031610625535,\n      0.5469391197476752,\n      2.2611010286333055e-12,\n      2.0861567681662585e-14,\n      0.005040764720840508,\n      -0.0019329948740687793,\n      0.005785336395484156,\n      7.83561583672654e-14,\n      7.392107759240929e-13,\n      0.29214943810314514,\n      -3.8124390207831165e-05,\n      -2.568020575982946e-05,\n      -0.009139733069953093,\n      0.12141561420625153,\n      2.0861567681662585e-14,\n      -4.142085979763621e-15,\n      0.009319828076387586,\n      -0.003470493921918798,\n      0.010456301704581651,\n      -2.5734622766115933e-15,\n      -7.309387470288975e-14,\n      0.014295240617181251,\n      -0.0002995460106947227,\n      -0.00020188142699518455,\n      -0.007648787831043219,\n      -0.010951744334342314,\n      0.005040764720840508,\n      0.009319828076387586,\n      -1.2333450233326104e-14,\n      -9.467795471229667e-16,\n      -8.080179320774095e-15,\n      -0.007481542086222676,\n      -0.0008272600646476184,\n      4.5616505364720616e-14,\n      -1.3140367700198441e-14,\n      -8.559708389137277e-15,\n      8.920490214558985e-15,\n      3.04268329281987e-14,\n      -0.0019329948740687793,\n      -0.003470493921918798,\n      -9.467795471229667e-16,\n      -2.269885668315652e-15,\n      1.8984380040221183e-16,\n      0.0028374687432077793,\n      0.0003425229424026833,\n      -4.7070637318458175e-15,\n      -1.5807281427814707e-14,\n      1.5230058967447002e-14,\n      4.534485851040437e-15,\n      -8.761058285094991e-15,\n      0.005785336395484156,\n      0.010456301704581651,\n      -8.080179320774095e-15,\n      1.8984380040221183e-16,\n      -1.6016268172824866e-14,\n      -0.008492237226959187,\n      -0.001023680149042612,\n      5.3746070094451426e-14,\n      8.007619090380502e-15,\n      1.4424659383616145e-14,\n      3.684633978137675e-15,\n      3.6092873481607946e-14,\n      7.83561583672654e-14,\n      -2.5734622766115933e-15,\n      -0.007481542086222676,\n      0.0028374687432077793,\n      -0.008492237226959187,\n      2.3605683380223397e-14,\n      -1.5431406152899285e-13,\n      0.0238525425759888,\n      0.0004812108417010111,\n      0.0003243159262824644,\n      0.010741966323481131,\n      0.006524322590808532,\n      7.392107759240929e-13,\n      -7.309387470288975e-14,\n      -0.0008272600646476184,\n      0.0003425229424026833,\n      -0.001023680149042612,\n      -1.5431406152899285e-13,\n      2.828768469465004e-12,\n      0.0012713419069859538,\n      9.721528649573588e-05,\n      6.553117230900969e-05,\n      0.001691982390330791,\n      0.24069338471205826,\n      0.29214943810314514,\n      0.014295240617181251,\n      4.5616505364720616e-14,\n      -4.7070637318458175e-15,\n      5.3746070094451426e-14,\n      0.0238525425759888,\n      0.0012713419069859538,\n      1.2021043882537441e-12,\n      -2.095545958979983e-15,\n      -3.1996974514392207e-15,\n      -6.747835797071833e-14,\n      2.6487527449159387e-12,\n      -3.8124390207831165e-05,\n      -0.0002995460106947227,\n      -1.3140367700198441e-14,\n      -1.5807281427814707e-14,\n      8.007619090380502e-15,\n      0.0004812108417010111,\n      9.721528649573588e-05,\n      -2.095545958979983e-15,\n      1.610341634344925e-12,\n      3.4338851206960896e-15,\n      2.662885916545482e-14,\n      -1.0637324354689781e-14,\n      -2.568020575982946e-05,\n      -0.00020188142699518455,\n      -8.559708389137277e-15,\n      1.5230058967447002e-14,\n      1.4424659383616145e-14,\n      0.0003243159262824644,\n      6.553117230900969e-05,\n      -3.1996974514392207e-15,\n      3.4338851206960896e-15,\n      1.6073141081984765e-12,\n      1.7412070049682704e-14,\n      -7.237266341775239e-15,\n      -0.009139733069953093,\n      -0.007648787831043219,\n      8.920490214558985e-15,\n      4.534485851040437e-15,\n      3.684633978137675e-15,\n      0.010741966323481131,\n      0.001691982390330791,\n      -6.747835797071833e-14,\n      2.662885916545482e-14,\n      1.7412070049682704e-14,\n      -1.0869777300470673e-14,\n      -5.207856715316872e-14,\n      0.12141561420625153,\n      -0.010951744334342314,\n      3.04268329281987e-14,\n      -8.761058285094991e-15,\n      3.6092873481607946e-14,\n      0.006524322590808532,\n      0.24069338471205826,\n      2.6487527449159387e-12,\n      -1.0637324354689781e-14,\n      -7.237266341775239e-15,\n      -5.207856715316872e-14,\n      2.0950012558085263e-12,\n      -1.9345636204093353e-14,\n      -8.772279777580216e-16,\n      0.002189459380472179,\n      0.0027081180538715576,\n      -0.0013289448985364305,\n      -1.938987165273076e-15,\n      -4.2327252813834093e-16,\n      -3.8124390207831165e-05,\n      0.31171552161254185,\n      0.00016082462516141087,\n      -0.003842866725650918,\n      -0.00036