MADNESS MRA-PNO INFORMATION
pairinfo=0,1,1.1,0.0,1.1,0.0
nuclear_repulsion=3.8201
occinfo=-0.663417,-0.663417,0.0103055,0.0103055,0.00346919,0.00346919
