{
  "schema": "schema-madresults",
  "kwargs": {
    "name": "o2",
    "frozen_core": true,
    "debgug": true,
    "maxrank": 2
  },
  "geometry": "../mol.json",
  "n_pno": 2,
  "mol": "{\n  \"one_body_integrals\": {\n    \"shape\": [\n      4,\n      4\n    ],\n    \"data\": [\n      -3.070751506873071,\n      -0.5658153093564237,\n      3.7577365080698755e-08,\n      4.794947505715186e-08,\n      -0.5658153093564237,\n      -3.0707547651202063,\n      4.6965245970032043e-08,\n      3.674870204667391e-08,\n      3.7577365080698755e-08,\n      4.6965245970032043e-08,\n      -2.189416125101067,\n      0.08621944086368345,\n      4.794947505715186e-08,\n      3.674870204667391e-08,\n      0.08621944086368345,\n      -2.18941609976319\n    ]\n  },\n  \"two_body_integrals\": {\n    \"shape\": [\n      4,\n      4,\n      4,\n      4\n    ],\n    \"data\": [\n      0.7906505243748013,\n      0.09170533204037774,\n      -6.512583848074238e-09,\n      1.677498044985737e-08,\n      0.09170533204037774,\n      0.6499964822636002,\n      -2.712864015548544e-08,\n      4.977750738856257e-08,\n      -6.512583848074238e-09,\n      -2.712864015548544e-08,\n      0.669268433237436,\n      0.03705061783031627,\n      1.677498044985737e-08,\n      4.977750738856257e-08,\n      0.03705061783031627,\n      0.7961011176903959,\n      0.09170533204037774,\n      0.05639018273587544,\n      -5.725264700696953e-09,\n      9.884214573468303e-08,\n      0.05639018273587544,\n      0.09170538209307952,\n      9.880214036674106e-08,\n      -5.604886732686609e-09,\n      -5.725264700696953e-09,\n      9.880214036674106e-08,\n      0.07580475479873901,\n      0.03537456274920144,\n      9.884214573468303e-08,\n      -5.604886732686609e-09,\n      0.03537456274920144,\n      0.07580475345654177,\n      -6.512583848074238e-09,\n      -5.725264700696953e-09,\n      0.023495712556375253,\n      9.275922454294368e-06,\n      -5.725264700696953e-09,\n      4.9435697652448415e-08,\n      0.0024794200692419346,\n      0.02277932110966578,\n      0.023495712556375253,\n      0.0024794200692419346,\n      4.7648878883168894e-08,\n      -3.71177558741026e-09,\n      9.275922454294368e-06,\n      0.02277932110966578,\n      -3.71177558741026e-09,\n      -9.424924703963639e-09,\n      1.677498044985737e-08,\n      9.884214573468303e-08,\n      9.275922454294368e-06,\n      0.24710283737042107,\n      9.884214573468303e-08,\n      -2.7129841134038157e-08,\n      0.16698629890355934,\n      0.0024793416290374145,\n      9.275922454294368e-06,\n      0.16698629890355934,\n      -4.093085538472291e-08,\n      -7.652830757640117e-08,\n      0.24710283737042107,\n      0.0024793416290374145,\n      -7.652830757640117e-08,\n      2.1404756939558817e-08,\n      0.09170533204037774,\n      0.05639018273587544,\n      -5.725264700696953e-09,\n      9.884214573468303e-08,\n      0.05639018273587544,\n      0.09170538209307952,\n      9.880214036674106e-08,\n      -5.604886732686609e-09,\n      -5.725264700696953e-09,\n      9.880214036674106e-08,\n      0.07580475479873901,\n      0.03537456274920144,\n      9.884214573468303e-08,\n      -5.604886732686609e-09,\n      0.03537456274920144,\n      0.07580475345654177,\n      0.6499964822636002,\n      0.09170538209307952,\n      4.9435697652448415e-08,\n      -2.7129841134038157e-08,\n      0.09170538209307952,\n      0.7906504854174525,\n      1.7644399613256367e-08,\n      -6.310755975083571e-09,\n      4.9435697652448415e-08,\n      1.7644399613256367e-08,\n      0.7961010818952596,\n      0.03705061961978466,\n      -2.7129841134038157e-08,\n      -6.310755975083571e-09,\n      0.03705061961978466,\n      0.6692684321890736,\n      -2.712864015548544e-08,\n      9.880214036674106e-08,\n      0.0024794200692419346,\n      0.16698629890355934,\n      9.880214036674106e-08,\n      1.7644399613256367e-08,\n      0.2471028327528457,\n      9.185957410503404e-06,\n      0.0024794200692419346,\n      0.2471028327528457,\n      2.215723502504291e-08,\n      -7.649343677137294e-08,\n      0.16698629890355934,\n      9.185957410503404e-06,\n      -7.649343677137294e-08,\n      -4.0877626724528104e-08,\n      4.977750738856257e-08,\n      -5.604886732686609e-09,\n      0.02277932110966578,\n      0.0024793416290374145,\n      -5.604886732686609e-09,\n      -6.310755975083571e-09,\n      9.185957410503404e-06,\n      0.023495712430935664,\n      0.02277932110966578,\n      9.185957410503404e-06,\n      -9.267744043982978e-09,\n      -3.6672503402057632e-09,\n      0.0024793416290374145,\n      0.023495712430935664,\n      -3.6672503402057632e-09,\n      4.7982326646005616e-08,\n      -6.512583848074238e-09,\n      -5.725264700696953e-09,\n      0.023495712556375253,\n      9.275922454294368e-06,\n      -5.725264700696953e-09,\n      4.9435697652448415e-08,\n      0.0024794200692419346,\n      0.02277932110966578,\n      0.023495712556375253,\n      0.0024794200692419346,\n      4.7648878883168894e-08,\n      -3.71177558741026e-09,\n      9.275922454294368e-06,\n      0.02277932110966578,\n      -3.71177558741026e-09,\n      -9.424924703963639e-09,\n      -2.712864015548544e-08,\n      9.880214036674106e-08,\n      0.0024794200692419346,\n      0.16698629890355934,\n      9.880214036674106e-08,\n      1.7644399613256367e-08,\n      0.2471028327528457,\n      9.185957410503404e-06,\n      0.0024794200692419346,\n      0.2471028327528457,\n      2.215723502504291e-08,\n      -7.649343677137294e-08,\n      0.16698629890355934,\n      9.185957410503404e-06,\n      -7.649343677137294e-08,\n      -4.0877626724528104e-08,\n      0.669268433237436,\n      0.07580475479873901,\n      4.7648878883168894e-08,\n      -4.093085538472291e-08,\n      0.07580475479873901,\n      0.7961010818952596,\n      2.215723502504291e-08,\n      -9.267744043982978e-09,\n      4.7648878883168894e-08,\n      2.215723502504291e-08,\n      0.8665488254517903,\n      0.031176948260413763,\n      -4.093085538472291e-08,\n      -9.267744043982978e-09,\n      0.031176948260413763,\n      0.7246050943269513,\n      0.03705061783031627,\n      0.03537456274920144,\n      -3.71177558741026e-09,\n      -7.652830757640117e-08,\n      0.03537456274920144,\n      0.03705061961978466,\n      -7.649343677137294e-08,\n      -3.6672503402057632e-09,\n      -3.71177558741026e-09,\n      -7.649343677137294e-08,\n      0.031176948260413763,\n      0.031648360186966915,\n      -7.652830757640117e-08,\n      -3.6672503402057632e-09,\n      0.031648360186966915,\n      0.03117701657382172,\n      1.677498044985737e-08,\n      9.884214573468303e-08,\n      9.275922454294368e-06,\n      0.24710283737042107,\n      9.884214573468303e-08,\n      -2.7129841134038157e-08,\n      0.16698629890355934,\n      0.0024793416290374145,\n      9.275922454294368e-06,\n      0.16698629890355934,\n      -4.093085538472291e-08,\n      -7.652830757640117e-08,\n      0.24710283737042107,\n      0.0024793416290374145,\n      -7.652830757640117e-08,\n      2.1404756939558817e-08,\n      4.977750738856257e-08,\n      -5.604886732686609e-09,\n      0.02277932110966578,\n      0.0024793416290374145,\n      -5.604886732686609e-09,\n      -6.310755975083571e-09,\n      9.185957410503404e-06,\n      0.023495712430935664,\n      0.02277932110966578,\n      9.185957410503404e-06,\n      -9.267744043982978e-09,\n      -3.6672503402057632e-09,\n      0.0024793416290374145,\n      0.023495712430935664,\n      -3.6672503402057632e-09,\n      4.7982326646005616e-08,\n      0.03705061783031627,\n      0.03537456274920144,\n      -3.71177558741026e-09,\n      -7.652830757640117e-08,\n      0.03537456274920144,\n      0.03705061961978466,\n      -7.649343677137294e-08,\n      -3.6672503402057632e-09,\n      -3.71177558741026e-09,\n      -7.649343677137294e-08,\n      0.031176948260413763,\n      0.031648360186966915,\n      -7.652830757640117e-08,\n      -3.6672503402057632e-09,\n      0.031648360186966915,\n      0.03117701657382172,\n      0.7961011176903959,\n      0.07580475345654177,\n      -9.424924703963639e-09,\n      2.1404756939558817e-08,\n      0.07580475345654177,\n      0.6692684321890736,\n      -4.0877626724528104e-08,\n      4.7982326646005616e-08,\n      -9.424924703963639e-09,\n      -4.0877626724528104e-08,\n      0.7246050943269513,\n      0.03117701657382172,\n      2.1404756939558817e-08,\n      4.7982326646005616e-08,\n      0.03117701657382172,\n      0.8665488629747603\n    ]\n  },\n  \"nuclear_repulsion\": 28.087,\n  \"orbital_data\": {\n    \"pairinfo\": \"2,6,6.6,2.2\",\n    \"occinfo\": \"-1.03667,-1.03667,0.0140093,0.0140093\"\n  },\n  \"name\": \"o2\",\n  \"parameters\": {\n    \"basis_set\": \"madness\",\n    \"geometry\": \"O 0 0 0.6029\\nO 0 0 -0.6029\\n\",\n    \"description\": \"\",\n    \"multiplicity\": 1,\n    \"charge\": 0,\n    \"name\": \"o2\"\n  }\n}"
}