{
  "schema": "schema-madresults",
  "kwargs": {
    "frozen_core": true,
    "name": "h2"
  },
  "geometry": {
    "schema": "molecular_geometry",
    "sites": [
      {
        "species": "H",
        "x": 0,
        "y": 0,
        "z": 0
      },
      {
        "species": "H",
        "x": 0,
        "y": 0,
        "z": 0.7
      }
    ]
  },
  "n_pno": 4,
  "mol": "{\n  \"one_body_integrals\": {\n    \"shape\": [\n      5,\n      5\n    ],\n    \"data\": [\n      -1.281131646897452,\n      2.618890347638736e-16,\n      0.18494425892615918,\n      -2.1943201650252014e-15,\n      -1.0987975030787617e-15,\n      2.618890347638736e-16,\n      -0.4269744932855839,\n      -6.61417535324782e-16,\n      -2.8288740504278133e-16,\n      -4.660623032930232e-16,\n      0.18494425892615918,\n      -6.61417535324782e-16,\n      -0.050254516462247434,\n      1.078198402955366e-15,\n      -2.675966603998283e-15,\n      -2.1943201650252014e-15,\n      -2.8288740504278133e-16,\n      1.078198402955366e-15,\n      -0.046667503544918,\n      -1.491407967922089e-16,\n      -1.0987975030787617e-15,\n      -4.660623032930232e-16,\n      -2.675966603998283e-15,\n      -1.491407967922089e-16,\n      -0.04666750354491933\n    ]\n  },\n  \"two_body_integrals\": {\n    \"shape\": [\n      5,\n      5,\n      5,\n      5\n    ],\n    \"data\": [\n      0.6735466609957632,\n      5.819997261902188e-16,\n      -0.1849507791686383,\n      2.8275992658421956e-16,\n      2.0233380942924484e-15,\n      5.819997261902188e-16,\n      0.6853786507141635,\n      1.6393136847980827e-16,\n      1.7607443281164592e-16,\n      1.3400738851920835e-16,\n      -0.1849507791686383,\n      1.6393136847980827e-16,\n      0.6254354367721482,\n      1.4224732503009818e-16,\n      3.3350058825654116e-16,\n      2.8275992658421956e-16,\n      1.7607443281164592e-16,\n      1.4224732503009818e-16,\n      0.6452304189022684,\n      2.323445255636436e-16,\n      2.0233380942924484e-15,\n      1.3400738851920835e-16,\n      3.3350058825654116e-16,\n      2.323445255636436e-16,\n      0.6452304189022686,\n      5.819997261902188e-16,\n      0.17525619090696484,\n      -3.0357660829594124e-17,\n      2.5153490401663703e-17,\n      -7.697835424647081e-17,\n      0.17525619090696484,\n      2.0469737016526324e-16,\n      -0.043515469411818136,\n      1.457167719820518e-16,\n      1.0345457129856683e-15,\n      -3.0357660829594124e-17,\n      -0.043515469411818136,\n      3.4954678040932663e-16,\n      1.929879867024198e-17,\n      -8.153200337090993e-17,\n      2.5153490401663703e-17,\n      1.457167719820518e-16,\n      1.929879867024198e-17,\n      4.614364446098307e-16,\n      -3.599551212651875e-17,\n      -7.697835424647081e-17,\n      1.0345457129856683e-15,\n      -8.153200337090993e-17,\n      -3.599551212651875e-17,\n      4.443060502845597e-16,\n      -0.1849507791686383,\n      -3.0357660829594124e-17,\n      0.14295738127276417,\n      3.2959746043559335e-17,\n      -1.8106176280507924e-17,\n      -3.0357660829594124e-17,\n      -0.1758250631633434,\n      -2.5587171270657905e-17,\n      -4.423544863740858e-17,\n      -8.283304597789254e-17,\n      0.14295738127276417,\n      -2.5587171270657905e-17,\n      -0.19277546784540595,\n      6.245004513516506e-17,\n      2.680147770384167e-16,\n      3.2959746043559335e-17,\n      -4.423544863740858e-17,\n      6.245004513516506e-17,\n      -0.15114799841368132,\n      -9.77950359581925e-17,\n      -1.8106176280507924e-17,\n      -8.283304597789254e-17,\n      2.680147770384167e-16,\n      -9.77950359581925e-17,\n      -0.1511479984136812,\n      2.8275992658421956e-16,\n      2.5153490401663703e-17,\n      3.2959746043559335e-17,\n      0.12365057754612196,\n      1.1650677273926163e-09,\n      2.5153490401663703e-17,\n      3.434752482434078e-16,\n      2.7755575615628914e-17,\n      1.0234868508263162e-16,\n      -2.065405138584886e-17,\n      3.2959746043559335e-17,\n      2.7755575615628914e-17,\n      2.5934115965853266e-16,\n      -0.01396350227691975,\n      1.5891809255260542e-09,\n      0.12365057754612196,\n      1.0234868508263162e-16,\n      -0.01396350227691975,\n      3.9811903773667723e-16,\n      5.551115123125783e-17,\n      1.1650677273926163e-09,\n      -2.065405138584886e-17,\n      1.5891809255260542e-09,\n      5.551115123125783e-17,\n      5.065392549852277e-16,\n      2.0233380942924484e-15,\n      -7.697835424647081e-17,\n      -1.8106176280507924e-17,\n      1.1650677273926163e-09,\n      0.12365057754612199,\n      -7.697835424647081e-17,\n      1.930530388327689e-15,\n      -5.767955557622884e-17,\n      -2.0003530082357557e-17,\n      1.0842021724855044e-16,\n      -1.8106176280507924e-17,\n      -5.767955557622884e-17,\n      1.96138271639848e-15,\n      -5.387092428122808e-09,\n      -0.013963502276919604,\n      1.1650677273926163e-09,\n      -2.0003530082357557e-17,\n      -5.387092428122808e-09,\n      1.6148649258085346e-15,\n      2.255140518769849e-16,\n      0.12365057754612199,\n      1.0842021724855044e-16,\n      -0.013963502276919604,\n      2.255140518769849e-16,\n      1.0087417012805133e-15,\n      5.819997261902188e-16,\n      0.17525619090696484,\n      -3.0357660829594124e-17,\n      2.5153490401663703e-17,\n      -7.697835424647081e-17,\n      0.17525619090696484,\n      2.0469737016526324e-16,\n      -0.043515469411818136,\n      1.457167719820518e-16,\n      1.0345457129856683e-15,\n      -3.0357660829594124e-17,\n      -0.043515469411818136,\n      3.4954678040932663e-16,\n      1.929879867024198e-17,\n      -8.153200337090993e-17,\n      2.5153490401663703e-17,\n      1.457167719820518e-16,\n      1.929879867024198e-17,\n      4.614364446098307e-16,\n      -3.599551212651875e-17,\n      -7.697835424647081e-17,\n      1.0345457129856683e-15,\n      -8.153200337090993e-17,\n      -3.599551212651875e-17,\n      4.443060502845597e-16,\n      0.6853786507141635,\n      2.0469737016526324e-16,\n      -0.1758250631633434,\n      3.434752482434078e-16,\n      1.930530388327689e-15,\n      2.0469737016526324e-16,\n      0.7562891274823665,\n      2.47198095326695e-16,\n      2.5587171270657905e-16,\n      2.5500435096859064e-16,\n      -0.1758250631633434,\n      2.47198095326695e-16,\n      0.6194456294232095,\n      4.163336342344337e-17,\n      9.84455572616838e-17,\n      3.434752482434078e-16,\n      2.5587171270657905e-16,\n      4.163336342344337e-17,\n      0.6317506029631507,\n      2.969087649351554e-16,\n      1.930530388327689e-15,\n      2.5500435096859064e-16,\n      9.84455572616838e-17,\n      2.969087649351554e-16,\n      0.6317506029631507,\n      1.6393136847980827e-16,\n      -0.043515469411818136,\n      -2.5587171270657905e-17,\n      2.7755575615628914e-17,\n      -5.767955557622884e-17,\n      -0.043515469411818136,\n      2.47198095326695e-16,\n      0.050383009635727505,\n      -5.334274688628682e-17,\n      -3.2395960913866872e-16,\n      -2.5587171270657905e-17,\n      0.050383009635727505,\n      2.0838365755171395e-16,\n      2.168404344971009e-18,\n      3.642919299551295e-17,\n      2.7755575615628914e-17,\n      -5.334274688628682e-17,\n      2.168404344971009e-18,\n      1.700029006457271e-16,\n      -4.255493527005605e-18,\n      -5.767955557622884e-17,\n      -3.2395960913866872e-16,\n      3.642919299551295e-17,\n      -4.255493527005605e-18,\n      1.6154612370034016e-16,\n      1.7607443281164592e-16,\n      1.457167719820518e-16,\n      -4.423544863740858e-17,\n      1.0234868508263162e-16,\n      -2.0003530082357557e-17,\n      1.457167719820518e-16,\n      2.5587171270657905e-16,\n      -5.334274688628682e-17,\n      0.0408869355520418,\n      2.7261625666326686e-10,\n      -4.423544863740858e-17,\n      -5.334274688628682e-17,\n      2.2638141361497333e-16,\n      3.859759734048396e-17,\n      -8.836247705756861e-18,\n      1.0234868508263162e-16,\n      0.0408869355520418,\n      3.859759734048396e-17,\n      3.0487765090292385e-16,\n      -1.734723475976807e-18,\n      -2.0003530082357557e-17,\n      2.7261625666326686e-10,\n      -8.836247705756861e-18,\n      -1.734723475976807e-18,\n      2.7099633301275183e-16,\n      1.3400738851920835e-16,\n      1.0345457129856683e-15,\n      -8.283304597789254e-17,\n      -2.065405138584886e-17,\n      1.0842021724855044e-16,\n      1.0345457129856683e-15,\n      2.5500435096859064e-16,\n      -3.2395960913866872e-16,\n      2.7261625666326686e-10,\n      0.0408869355520418,\n      -8.283304597789254e-17,\n      -3.2395960913866872e-16,\n      1.6002824065886045e-16,\n      -8.321251673826247e-18,\n      1.8973538018496328e-17,\n      -2.065405138584886e-17,\n      2.7261625666326686e-10,\n      -8.321251673826247e-18,\n      1.8474805019152996e-16,\n      1.6046192152785466e-17,\n      1.0842021724855044e-16,\n      0.0408869355520418,\n      1.8973538018496328e-17,\n      1.6046192152785466e-17,\n      6.917209860457518e-17,\n      -0.1849507791686383,\n      -3.0357660829594124e-17,\n      0.14295738127276417,\n      3.2959746043559335e-17,\n      -1.8106176280507924e-17,\n      -3.0357660829594124e-17,\n      -0.1758250631633434,\n      -2.5587171270657905e-17,\n      -4.423544863740858e-17,\n      -8.283304597789254e-17,\n      0.14295738127276417,\n      -2.5587171270657905e-17,\n      -0.19277546784540595,\n      6.245004513516506e-17,\n      2.680147770384167e-16,\n      3.2959746043559335e-17,\n      -4.423544863740858e-17,\n      6.245004513516506e-17,\n      -0.15114799841368132,\n      -9.77950359581925e-17,\n      -1.8106176280507924e-17,\n      -8.283304597789254e-17,\n      2.680147770384167e-16,\n      -9.77950359581925e-17,\n      -0.1511479984136812,\n      1.6393136847980827e-16,\n      -0.043515469411818136,\n      -2.5587171270657905e-17,\n      2.7755575615628914e-17,\n      -5.767955557622884e-17,\n      -0.043515469411818136,\n      2.47198095326695e-16,\n      0.050383009635727505,\n      -5.334274688628682e-17,\n      -3.2395960913866872e-16,\n      -2.5587171270657905e-17,\n      0.050383009635727505,\n      2.0838365755171395e-16,\n      2.168404344971009e-18,\n      3.642919299551295e-17,\n      2.7755575615628914e-17,\n      -5.334274688628682e-17,\n      2.168404344971009e-18,\n      1.700029006457271e-16,\n      -4.255493527005605e-18,\n      -5.767955557622884e-17,\n      -3.2395960913866872e-16,\n      3.642919299551295e-17,\n      -4.255493527005605e-18,\n      1.6154612370034016e-16,\n      0.6254354367721482,\n      3.4954678040932663e-16,\n      -0.19277546784540595,\n      2.5934115965853266e-16,\n      1.96138271639848e-15,\n      3.4954678040932663e-16,\n      0.6194456294232095,\n      2.0838365755171395e-16,\n      2.2638141361497333e-16,\n      1.6002824065886045e-16,\n      -0.19277546784540595,\n      2.0838365755171395e-16,\n      0.6178742267484352,\n      1.214306433183765e-16,\n      5.7462715141731735e-16,\n      2.5934115965853266e-16,\n      2.2638141361497333e-16,\n      1.214306433183765e-16,\n      0.584729744286111,\n      1.9938477952008427e-16,\n      1.96138271639848e-15,\n      1.6002824065886045e-16,\n      5.7462715141731735e-16,\n      1.9938477952008427e-16,\n      0.5847297442861111,\n      1.4224732503009818e-16,\n      1.929879867024198e-17,\n      6.245004513516506e-17,\n      -0.01396350227691975,\n      -5.387092428122808e-09,\n      1.929879867024198e-17,\n      4.163336342344337e-17,\n      2.168404344971009e-18,\n      3.859759734048396e-17,\n      -8.321251673826247e-18,\n      6.245004513516506e-17,\n      2.168404344971009e-18,\n      1.214306433183765e-16,\n      0.03044856564335783,\n      1.8325878277446021e-09,\n      -0.01396350227691975,\n      3.859759734048396e-17,\n      0.03044856564335783,\n      1.1709383462843448e-16,\n      2.596664203102783e-16,\n      -5.387092428122808e-09,\n      -8.321251673826247e-18,\n      1.8325878277446021e-09,\n      2.596664203102783e-16,\n      1.3856103764364747e-16,\n      3.3350058825654116e-16,\n      -8.153200337090993e-17,\n      2.680147770384167e-16,\n      1.5891809255260542e-09,\n      -0.013963502276919604,\n      -8.153200337090993e-17,\n      9.84455572616838e-17,\n      3.642919299551295e-17,\n      -8.836247705756861e-18,\n      1.8973538018496328e-17,\n      2.680147770384167e-16,\n      3.642919299551295e-17,\n      5.7462715141731735e-16,\n      1.8325878277446021e-09,\n      0.030448565643357878,\n      1.5891809255260542e-09,\n      -8.836247705756861e-18,\n      1.8325878277446021e-09,\n      5.41667405373758e-16,\n      2.8189256484623115e-17,\n      -0.013963502276919604,\n      1.8973538018496328e-17,\n      0.030448565643357878,\n      2.8189256484623115e-17,\n      6.552917930502389e-16,\n      2.8275992658421956e-16,\n      2.5153490401663703e-17,\n      3.2959746043559335e-17,\n      0.12365057754612196,\n      1.1650677273926163e-09,\n      2.5153490401663703e-17,\n      3.434752482434078e-16,\n      2.7755575615628914e-17,\n      1.0234868508263162e-16,\n      -2.065405138584886e-17,\n      3.2959746043559335e-17,\n      2.7755575615628914e-17,\n      2.5934115965853266e-16,\n      -0.01396350227691975,\n      1.5891809255260542e-09,\n      0.12365057754612196,\n      1.0234868508263162e-16,\n      -0.01396350227691975,\n      3.9811903773667723e-16,\n      5.551115123125783e-17,\n      1.1650677273926163e-09,\n      -2.065405138584886e-17,\n      1.5891809255260542e-09,\n      5.551115123125783e-17,\n      5.065392549852277e-16,\n      1.7607443281164592e-16,\n      1.457167719820518e-16,\n      -4.423544863740858e-17,\n      1.0234868508263162e-16,\n      -2.0003530082357557e-17,\n      1.457167719820518e-16,\n      2.5587171270657905e-16,\n      -5.334274688628682e-17,\n      0.0408869355520418,\n      2.7261625666326686e-10,\n      -4.423544863740858e-17,\n      -5.334274688628682e-17,\n      2.2638141361497333e-16,\n      3.859759734048396e-17,\n      -8.836247705756861e-18,\n      1.0234868508263162e-16,\n      0.0408869355520418,\n      3.859759734048396e-17,\n      3.0487765090292385e-16,\n      -1.734723475976807e-18,\n      -2.0003530082357557e-17,\n      2.7261625666326686e-10,\n      -8.836247705756861e-18,\n      -1.734723475976807e-18,\n      2.7099633301275183e-16,\n      1.4224732503009818e-16,\n      1.929879867024198e-17,\n      6.245004513516506e-17,\n      -0.01396350227691975,\n      -5.387092428122808e-09,\n      1.929879867024198e-17,\n      4.163336342344337e-17,\n      2.168404344971009e-18,\n      3.859759734048396e-17,\n      -8.321251673826247e-18,\n      6.245004513516506e-17,\n      2.168404344971009e-18,\n      1.214306433183765e-16,\n      0.03044856564335783,\n      1.8325878277446021e-09,\n      -0.01396350227691975,\n      3.859759734048396e-17,\n      0.03044856564335783,\n      1.1709383462843448e-16,\n      2.596664203102783e-16,\n      -5.387092428122808e-09,\n      -8.321251673826247e-18,\n      1.8325878277446021e-09,\n      2.596664203102783e-16,\n      1.3856103764364747e-16,\n      0.6452304189022684,\n      4.614364446098307e-16,\n      -0.15114799841368132,\n      3.9811903773667723e-16,\n      1.6148649258085346e-15,\n      4.614364446098307e-16,\n      0.6317506029631507,\n      1.700029006457271e-16,\n      3.0487765090292385e-16,\n      1.8474805019152996e-16,\n      -0.15114799841368132,\n      1.700029006457271e-16,\n      0.584729744286111,\n      1.1709383462843448e-16,\n      5.41667405373758e-16,\n      3.9811903773667723e-16,\n      3.0487765090292385e-16,\n      1.1709383462843448e-16,\n      0.6841663653562065,\n      -4.519931876356491e-09,\n      1.6148649258085346e-15,\n      1.8474805019152996e-16,\n      5.41667405373758e-16,\n      -4.519931876356491e-09,\n      0.6116812124810732,\n      2.323445255636436e-16,\n      -3.599551212651875e-17,\n      -9.77950359581925e-17,\n      5.551115123125783e-17,\n      2.255140518769849e-16,\n      -3.599551212651875e-17,\n      2.969087649351554e-16,\n      -4.255493527005605e-18,\n      -1.734723475976807e-18,\n      1.6046192152785466e-17,\n      -9.77950359581925e-17,\n      -4.255493527005605e-18,\n      1.9938477952008427e-16,\n      2.596664203102783e-16,\n      2.8189256484623115e-17,\n      5.551115123125783e-17,\n      -1.734723475976807e-18,\n      2.596664203102783e-16,\n      -4.519931876356491e-09,\n      0.03624288182949817,\n      2.255140518769849e-16,\n      1.6046192152785466e-17,\n      2.8189256484623115e-17,\n      0.03624288182949817,\n      1.1523147375419422e-08,\n      2.0233380942924484e-15,\n      -7.697835424647081e-17,\n      -1.8106176280507924e-17,\n      1.1650677273926163e-09,\n      0.12365057754612199,\n      -7.697835424647081e-17,\n      1.930530388327689e-15,\n      -5.767955557622884e-17,\n      -2.0003530082357557e-17,\n      1.0842021724855044e-16,\n      -1.8106176280507924e-17,\n      -5.767955557622884e-17,\n      1.96138271639848e-15,\n      -5.387092428122808e-09,\n      -0.013963502276919604,\n      1.1650677273926163e-09,\n      -2.0003530082357557e-17,\n      -5.387092428122808e-09,\n      1.6148649258085346e-15,\n      2.255140518769849e-16,\n      0.12365057754612199,\n      1.0842021724855044e-16,\n      -0.013963502276919604,\n      2.255140518769849e-16,\n      1.0087417012805133e-15,\n      1.3400738851920835e-16,\n      1.0345457129856683e-15,\n      -8.283304597789254e-17,\n      -2.065405138584886e-17,\n      1.0842021724855044e-16,\n      1.0345457129856683e-15,\n      2.5500435096859064e-16,\n      -3.2395960913866872e-16,\n      2.7261625666326686e-10,\n      0.0408869355520418,\n      -8.283304597789254e-17,\n      -3.2395960913866872e-16,\n      1.6002824065886045e-16,\n      -8.321251673826247e-18,\n      1.8973538018496328e-17,\n      -2.065405138584886e-17,\n      2.7261625666326686e-10,\n      -8.321251673826247e-18,\n      1.8474805019152996e-16,\n      1.6046192152785466e-17,\n      1.0842021724855044e-16,\n      0.0408869355520418,\n      1.8973538018496328e-17,\n      1.6046192152785466e-17,\n      6.917209860457518e-17,\n      3.3350058825654116e-16,\n      -8.153200337090993e-17,\n      2.680147770384167e-16,\n      1.5891809255260542e-09,\n      -0.013963502276919604,\n      -8.153200337090993e-17,\n      9.84455572616838e-17,\n      3.642919299551295e-17,\n      -8.836247705756861e-18,\n      1.8973538018496328e-17,\n      2.680147770384167e-16,\n      3.642919299551295e-17,\n      5.7462715141731735e-16,\n      1.8325878277446021e-09,\n      0.030448565643357878,\n      1.5891809255260542e-09,\n      -8.836247705756861e-18,\n      1.8325878277446021e-09,\n      5.41667405373758e-16,\n      2.8189256484623115e-17,\n      -0.013963502276919604,\n      1.8973538018496328e-17,\n      0.030448565643357878,\n      2.8189256484623115e-17,\n      6.552917930502389e-16,\n      2.323445255636436e-16,\n      -3.599551212651875e-17,\n      -9.77950359581925e-17,\n      5.551115123125783e-17,\n      2.255140518769849e-16,\n      -3.599551212651875e-17,\n      2.969087649351554e-16,\n      -4.255493527005605e-18,\n      -1.734723475976807e-18,\n      1.6046192152785466e-17,\n      -9.77950359581925e-17,\n      -4.255493527005605e-18,\n      1.9938477952008427e-16,\n      2.596664203102783e-16,\n      2.8189256484623115e-17,\n      5.551115123125783e-17,\n      -1.734723475976807e-18,\n      2.596664203102783e-16,\n      -4.519931876356491e-09,\n      0.03624288182949817,\n      2.255140518769849e-16,\n      1.6046192152785466e-17,\n      2.8189256484623115e-17,\n      0.03624288182949817,\n      1.1523147375419422e-08,\n      0.6452304189022686,\n      4.443060502845597e-16,\n      -0.1511479984136812,\n      5.065392549852277e-16,\n      1.0087417012805133e-15,\n      4.443060502845597e-16,\n      0.6317506029631507,\n      1.6154612370034016e-16,\n      2.7099633301275183e-16,\n      6.917209860457518e-17,\n      -0.1511479984136812,\n      1.6154612370034016e-16,\n      0.5847297442861111,\n      1.3856103764364747e-16,\n      6.552917930502389e-16,\n      5.065392549852277e-16,\n      2.7099633301275183e-16,\n      1.3856103764364747e-16,\n      0.6116812124810732,\n      1.1523147375419422e-08,\n      1.0087417012805133e-15,\n      6.917209860457518e-17,\n      6.552917930502389e-16,\n      1.1523147375419422e-08,\n      0.6841663653562065\n    ]\n  },\n  \"nuclear_repulsion\": 0.755967,\n  \"orbital_data\": {\n    \"pairinfo\": \"0,0.0,0.0,0.0,0.0\",\n    \"occinfo\": \"-0.607586,0.00810977,0.00368497,0.00256101,0.00256101\"\n  },\n  \"name\": \"h2\",\n  \"parameters\": {\n    \"basis_set\": \"madness\",\n    \"geometry\": \"H 0 0 0\\nH 0 0 0.7\\n\",\n    \"description\": \"\",\n    \"multiplicity\": 1,\n    \"charge\": 0,\n    \"name\": \"h2\"\n  }\n}"
}