{
  "schema": "schema-madresults",
  "kwargs": {},
  "geometry": {
    "schema": "molecular_geometry",
    "sites": [
      {
        "species": "H",
        "x": 0,
        "y": 0,
        "z": 0
      },
      {
        "species": "H",
        "x": 0,
        "y": 0,
        "z": 0.7
      }
    ]
  },
  "n_pno": 2,
  "mol": "{\n  \"one_body_integrals\": {\n    \"shape\": [\n      3,\n      3\n    ],\n    \"data\": [\n      -1.2811316468974483,\n      -6.857340843826645e-17,\n      -0.1849442589261595,\n      -6.857340843826645e-17,\n      -0.42697449328558523,\n      1.373512429843968e-16,\n      -0.1849442589261595,\n      1.373512429843968e-16,\n      -0.05026783376427879\n    ]\n  },\n  \"two_body_integrals\": {\n    \"shape\": [\n      3,\n      3,\n      3,\n      3\n    ],\n    \"data\": [\n      0.6735466609957592,\n      -7.37257477290143e-17,\n      0.18495077918828007,\n      -7.37257477290143e-17,\n      0.6853786507141623,\n      1.691355389077387e-16,\n      0.18495077918828007,\n      1.691355389077387e-16,\n      0.6254354367939093,\n      -7.37257477290143e-17,\n      0.17525619090696448,\n      2.2551405187698492e-17,\n      0.17525619090696448,\n      -2.1423834928313568e-16,\n      0.04351546941181817,\n      2.2551405187698492e-17,\n      0.04351546941181817,\n      4.597017211338539e-17,\n      0.18495077918828007,\n      2.2551405187698492e-17,\n      0.14295738129943183,\n      2.2551405187698492e-17,\n      0.17582506322743754,\n      1.691355389077387e-16,\n      0.14295738129943183,\n      1.691355389077387e-16,\n      0.1927754678625927,\n      -7.37257477290143e-17,\n      0.17525619090696448,\n      2.2551405187698492e-17,\n      0.17525619090696448,\n      -2.1423834928313568e-16,\n      0.04351546941181817,\n      2.2551405187698492e-17,\n      0.04351546941181817,\n      4.597017211338539e-17,\n      0.6853786507141623,\n      -2.1423834928313568e-16,\n      0.17582506322743754,\n      -2.1423834928313568e-16,\n      0.7562891274823671,\n      1.48318857196017e-16,\n      0.17582506322743754,\n      1.48318857196017e-16,\n      0.6194456294943465,\n      1.691355389077387e-16,\n      0.04351546941181817,\n      1.691355389077387e-16,\n      0.04351546941181817,\n      1.48318857196017e-16,\n      0.05038300963572756,\n      1.691355389077387e-16,\n      0.05038300963572756,\n      2.3180242447740085e-16,\n      0.18495077918828007,\n      2.2551405187698492e-17,\n      0.14295738129943183,\n      2.2551405187698492e-17,\n      0.17582506322743754,\n      1.691355389077387e-16,\n      0.14295738129943183,\n      1.691355389077387e-16,\n      0.1927754678625927,\n      1.691355389077387e-16,\n      0.04351546941181817,\n      1.691355389077387e-16,\n      0.04351546941181817,\n      1.48318857196017e-16,\n      0.05038300963572756,\n      1.691355389077387e-16,\n      0.05038300963572756,\n      2.3180242447740085e-16,\n      0.6254354367939093,\n      4.597017211338539e-17,\n      0.1927754678625927,\n      4.597017211338539e-17,\n      0.6194456294943465,\n      2.3180242447740085e-16,\n      0.1927754678625927,\n      2.3180242447740085e-16,\n      0.6178742267541366\n    ]\n  },\n  \"nuclear_repulsion\": 0.755967,\n  \"orbital_data\": {\n    \"pairinfo\": \"0,0.0,0.0\",\n    \"occinfo\": \"-0.607586,0.00810977,0.00368497\"\n  },\n  \"name\": \"h2\",\n  \"parameters\": {\n    \"basis_set\": \"madness\",\n    \"geometry\": \"H 0 0 0\\nH 0 0 0.7\\n\",\n    \"description\": \"\",\n    \"multiplicity\": 1,\n    \"charge\": 0,\n    \"name\": \"h2\"\n  }\n}"
}